0.0000000000000000 0.0009759544309007 0.0005562370298679 -0.0003976556791863 -0.0016907887807046 -0.0039099534159249 -0.0028246944484245 -0.0044404099517291 -0.0055619680875681 -0.0102502505331907 -0.0067909280785257 -0.0085113136732141
-0.0090773537797348 -0.0165006370568036 -0.0109830420225007 -0.0124127323571587 -0.0208201161535829 -0.0125305486011450 -0.0152082340861445 -0.0159537432114627 -0.0272469001721275 -0.0169783952648938 -0.0192665389898865 -0.0189603794717027
-0.0333426746505788 -0.0214721337437305 -0.0229614167589438 -0.0375113029652147 -0.0221566626055779 -0.0258087583427645 -0.0261102602468353 -0.0439228290825170 -0.0270148089985870 -0.0297852344301704 -0.0285542278655912 -0.0497664048373383
-0.0317369041781826 -0.0332092059323685 -0.0537809490410553 -0.0315847587412305 -0.0361128728081669 -0.0359092749980955 -0.0600761169580924 -0.0367769709957496 -0.0399397700542997 -0.0377442728663374 -0.0655736671966418 -0.0416516708253362
-0.0430324458846389 -0.0694312795899321 -0.0406981649225125 -0.0459949337328025 -0.0452334403771383 -0.0755111540912199 -0.0461444372847547 -0.0496070500561314 -0.0464215507652643 -0.0805740372439582 -0.0510946619109556 -0.0523129847155173
-0.0842717480355530 -0.0493832814848304 -0.0553343239492902 -0.0539717375193320 -0.0900410442666557 -0.0550010294771790 -0.0586700330268350 -0.0544840748635474 -0.0945871535915240 -0.0599495386703371 -0.0609396204383427 -0.0981213887086254
-0.0575310190534210 -0.0640169522988974 -0.0620208219175256 -0.1034899004336203 -0.0632362996634396 -0.0670191756754672 -0.0618380548854145 -0.1074449179895770 -0.0681068540032655 -0.0688094585294063 -0.1108110545922312 -0.0650381890324648
-0.0719366731012439 -0.0692862679613053 -0.1156950045662994 -0.0707469301744487 -0.0745537818787191 -0.0683990063535292 -0.1189935410351154 -0.0754654289090539 -0.0758291623325031 -0.1221855120760872 -0.0718088287461606 -0.0789966076995607
-0.0756836966269254 -0.1265088048212066 -0.0774380502008030 -0.0811832401469386 -0.0740927365864406 -0.0578599518102589 0.0000000000000000 0.0000000000000000 0.0000000000000000 0.0000000000000000 0.0000000000000000 0.0000000000000000
0.0000000000000000 0.0000000000000000 0.0000000000000000 0.0000000000000000 0.0000000000000000 0.0000000000000000 0.0000000000000000 0.0000000000000000 0.0000000000000000 0.0000000000000000 0.0000000000000000 0.0000000000000000
0.0000000000000000 0.0000000000000000 0.0000000000000000 0.0000000000000000 0.0000000000000000 0.0000000000000000 0.0000000000000000 0.0000000000000000 0.0000000000000000 -0.0747441828112549 -0.0183116741048219 0.0460657182875509
-0.0285098849971962 0.0406472722322051 0.0899673153489505 0.0210498870030209 -0.0530632772818098 0.0104292393422694 0.0681823525521393 -0.0045541278490421 -0.0758056521030063 -0.0199168297874527 0.0443512552314871 -0.0298364636876365
0.0386927084937062 0.0879959187155991 0.0193190844435024 -0.0539048197579754 0.0086285677670935 0.0659511613718889 -0.0060199662124330 -0.0759255723967642 -0.0212437962493513 0.0421339062424515 -0.0307641189425501 0.0363202628378185
0.0849964686591773 0.0174029231169779 -0.0540457946620540 0.0067897301662260 0.0629745739233284 -0.0073508452531858 -0.0750714091862412 -0.0222331644523154 0.0394757987220399 -0.0312459123916804 0.0336014186918825 0.0810350540412033
0.0153608924977503 -0.0534511071613917 0.0049781338715415 0.0593214132333603 -0.0084945799538206 -0.0732234899854376 -0.0228306845640325 0.0364437822044801 -0.0312413580174905 0.0306108939575956 0.0761890490675069 0.0132530725807304
-0.0520958427205368 0.0032575656430710 0.0550679911014883 -0.0094024782892935 -0.0703755995621185 -0.0229884359015574 0.0331081866316438 -0.0307173328495244 0.0274252209025544 0.0705458011754526 0.0111389690067381 -0.0499659526997932
0.0016889074517825 0.0502967779164192 -0.0100303572009056 -0.0665353897082776 -0.0226658992767776 0.0295415491329766 -0.0296488780577573 0.0241213206184088 0.0642012023490681 0.0090763713633981 -0.0470587842843798 0.0003289096110627
0.0450950080835651 -0.0103394827141638 -0.0617245945299205 -0.0218309126180104 0.0258173301895663 -0.0280198757446534 0.0207750956637258 0.0572581660926136 0.0071202538864445 -0.0433834439193771 -0.0007709577135515 0.0395532431634614
-0.0102974176936063 -0.0559790449887893 -0.0204604925169645 0.0220086400075784 -0.0258235885924794 0.0174600640155386 0.0498250333720379 0.0053217370022786 -0.0389609858475052 -0.0015655548969717 0.0337639151733635 -0.0098787621944085
-0.0493484792997051 -0.0749181143084431 0.0000000000000000 0.0000000000000000 0.0000000000000000 0.0000000000000000 0.0000000000000000 0.0000000000000000 0.0000000000000000 0.0000000000000000 0.0000000000000000 0.0000000000000000
0.0000000000000000 0.0000000000000000 0.0000000000000000 0.0000000000000000 0.0000000000000000 0.0000000000000000 0.0000000000000000 0.0000000000000000 0.0000000000000000 0.0000000000000000 0.0000000000000000 0.0000000000000000
0.0000000000000000 0.0000000000000000 0.0000000000000000 0.0000000000000000 0.0000000000000000 0.0006826834140383 -0.0032440073102599 0.0008410193891168 -0.0001066134057029 0.0008344757047893 0.0000239027256499 -0.0025978809996886
-0.0025280194492775 0.0093097497259697 -0.0023712972028734 -0.0065201437106625 -0.0019215567606309 0.0181233055581997 -0.0070926065963918 -0.0091483505977056 0.0228286758815590 -0.0001805040884352 -0.0124416239451074 -0.0087828482111045
0.0302412320887204 -0.0072834239315425 -0.0166152068688251 -0.0039331130413925 0.0393994356579701 -0.0152574069185663 -0.0178414729102045 0.0443523447354412 -0.0010110533141687 -0.0222638544399298 -0.0145150984661704 0.0507813273929653
-0.0125793623557340 -0.0264464947335893 -0.0053229196803706 0.0603415600687645 -0.0235340581215539 -0.0260695862875504 0.0651651695302992 -0.0024326969317774 -0.0319272050888651 -0.0196503461115154 0.0706987670301096 -0.0181694852965983
-0.0358808947990512 -0.0060767996786793 0.0807087278859517 -0.0317987711040430 -0.0337254903391954 0.0850370620070499 -0.0043963322473783 -0.0412955066495154 -0.0241271007889273 0.0897693233717427 -0.0239557724628242 -0.0447917560596789
-0.0061958099114491 0.1002643926800542 -0.0399253335552053 -0.0407128242943792 0.1037504482188812 -0.0068399878596400 -0.0502359349141627 -0.0278977721982422 0.1077780873544893 -0.0298335987507810 -0.0530608342810606 -0.0056962988640151
0.1187789317977203 -0.0477872059866839 -0.0469475227092473 0.1211024006801346 -0.0096902387423483 -0.0586211099115201 -0.0309293831088534 0.1245216544825565 -0.0356936471230939 -0.0605800978432281 -0.0046096731718628 0.1360321289126036
-0.0552596358792031 -0.0523590568256726 0.1369065959339390 -0.0128638225382684 -0.0663311128312509 -0.0332040162182677 0.1398102005944950 -0.0414239120789787 -0.0672533646830334 -0.0029818741926907 0.1518155959445111 -0.0622217541777648
-0.0568914410773887 0.1509950826065993 -0.0162694259927320 -0.0732553874291189 -0.0347189865458829 0.1534694295618108 -0.0469117583122744 -0.0729977436625541 -0.0008725709035379 0.1456732275631673 0.0000000000000000 0.0000000000000000
0.0000000000000000 0.0000000000000000 0.0000000000000000 0.0000000000000000 0.0000000000000000 0.0000000000000000 0.0000000000000000 0.0000000000000000 0.0000000000000000 0.0000000000000000 0.0000000000000000 0.0000000000000000
0.0000000000000000 0.0000000000000000 0.0000000000000000 0.0000000000000000 0.0000000000000000 0.0000000000000000 0.0000000000000000 0.0000000000000000 0.0000000000000000 0.0000000000000000 0.0000000000000000 0.0000000000000000
0.0000000000000000 -0.1017677457960141 0.1478805205056111 0.0827538028132623 -0.0580898301787258 -0.2739770682674884 0.0932194699780532 0.0403393979153114 -0.0928677147333614 -0.0553933703167109 0.1028301463657613 -0.0116680126638291
-0.1010330541918398 0.1604426646060437 0.0803201967006748 -0.0603834931656487 -0.2588495936948950 0.0941858778098654 0.0369981446554353 -0.0932589021464861 -0.0418501362799073 0.1010581497485660 -0.0146472019691490 -0.0989634568408334
0.1708412044929680 0.0768920919118254 -0.0618350688565550 -0.2409864791760213 0.0938324905085060 0.0332717583131554 -0.0923917553643648 -0.0282590413214869 0.0979837457145919 -0.0173144757525863 -0.0956013750128279 0.1786385956007077
0.0725675942782416 -0.0623663512287882 -0.2209150741608364 0.0921379564006609 0.0292808881702928 -0.0902511884261829 -0.0150879698707566 0.0936695227045079 -0.0195625031898511 -0.0910126317410841 0.1834339685889438 0.0674585431283717
-0.0619153650002988 -0.1991797541959736 0.0891063356798346 0.0251488438844694 -0.0868443859268661 -0.0027906712023875 0.0881986866659397 -0.0212926298870576 -0.0852853664951171 0.1848715035793392 0.0616881081962650 -0.0604379339065981
-0.1763319401029185 0.0847668481356166 0.0209989130727163 -0.0822009868436906 0.0082020750988863 0.0816732812475506 -0.0224171400654404 -0.0785285014467583 0.1826481765944421 0.0553881990611283 -0.0579089141203543 -0.1529201959340020
0.0791731367816871 0.0169516997684050 -0.0763728393937669 0.0174908766334680 0.0742120742896668 -0.0228613029147098 -0.0708697824171612 0.1765207464793588 0.0486967390398033 -0.0543230654509105 -0.1294805597230996 0.0724020688905682
0.0131225365405391 -0.0694333264640763 0.0247155922362883 0.0659481548259809 -0.0225651614003017 -0.0624534261017872 0.1663118608138292 0.0417548576035234 -0.0496955397508049 -0.1065272558933552 0.0645521042937032 0.0096190214500070
-0.0614762693795531 0.0295625146889530 0.0570262897537780 -0.0214850267171073 -0.0534374132207081 0.1084730863055562 0.0000000000000000 0.0000000000000000 0.0000000000000000 0.0000000000000000 0.0000000000000000 0.0000000000000000
0.0000000000000000 0.0000000000000000 0.0000000000000000 0.0000000000000000 0.0000000000000000 0.0000000000000000 0.0000000000000000 0.0000000000000000 0.0000000000000000 0.0000000000000000 0.0000000000000000 0.0000000000000000
0.0000000000000000 0.0000000000000000 0.0000000000000000 0.0000000000000000 0.0000000000000000 0.0000000000000000 0.0000000000000000 0.0000000000000000 0.0000000000000000 -0.0019686975450752 -0.0024358090650625 0.0005854943105620
0.0002266097723951 0.0014324625711667 0.0011246490065343 -0.0021550497863417 -0.0002228651415729 0.0057640577570128 0.0017360683232986 -0.0064993178973651 0.0052982233216617 0.0034586349071258 -0.0037129230561826 -0.0070971292202656
-0.0062818921516924 0.0114839293946252 -0.0119988406174236 -0.0002080698796680 0.0194618859812190 0.0046111754662365 -0.0171733411402069 0.0133747282282927 0.0064531252617088 -0.0088243001345625 -0.0136362889792637 -0.0096015582154691
0.0210229496550966 -0.0220871343540847 0.0007913005820560 0.0334838280416585 0.0064391338767249 -0.0274327523130001 0.0221163573683022 0.0062222810537031 -0.0146429292770801 -0.0192857523972019 -0.0089006093858296 0.0295879865234882
-0.0322404003904820 0.0027489794879390 0.0473194785773911 0.0072189142105682 -0.0371073007404732 0.0313575939923345 0.0025264209575931 -0.0210435597339806 -0.0239628805000729 -0.0046366669824370 0.0370518070183259 -0.0422753425226464
0.0056122066126981 0.0604710081384921 0.0069771407674571 -0.0460395919467378 0.0409153078158689 -0.0047774076452647 -0.0278842833177624 -0.0276092684905983 0.0026651593775581 0.0433159397030486 -0.0520087863915723 0.0093027406840540
0.0724682065819239 0.0057670432489801 -0.0540883405494631 0.0505926839764259 -0.0157263841396779 -0.0350097870492784 -0.0301919619673335 0.0124292295386113 0.0483122383839202 -0.0612615673118924 0.0137184760336526 0.0828827490072980
0.0036668103888095 -0.0611312746767937 0.0601835584534127 -0.0302451109128310 -0.0422548991749586 -0.0317041041006440 0.0240468401280716 0.0520037193871097 -0.0698623346180311 0.0187356344086360 0.0913413527466947 0.0007773899775067
-0.0670676289910574 0.0694770701301812 -0.0481412655712835 -0.0494483491059561 -0.0321649967280856 0.0368938107560533 0.0543846697070618 -0.0776511906083157 0.0242114898104558 0.0975375176215398 -0.0027802087567138 -0.0718201721183090
0.0782625306482861 -0.1620026277696700 0.0000000000000000 0.0000000000000000 0.0000000000000000 0.0000000000000000 0.0000000000000000 0.0000000000000000 0.0000000000000000 0.0000000000000000 0.0000000000000000 0.0000000000000000
0.0000000000000000 0.0000000000000000 0.0000000000000000 0.0000000000000000 0.0000000000000000 0.0000000000000000 0.0000000000000000 0.0000000000000000 0.0000000000000000 0.0000000000000000 0.0000000000000000 0.0000000000000000
0.0000000000000000 0.0000000000000000 0.0000000000000000 0.0000000000000000 0.0000000000000000 -0.0441158145233306 -0.0924672308952438 0.1028193562690852 -0.0861881421157938 0.2641677672866085 -0.0093050165008530 0.0588118977079820
-0.0995436783211326 0.0270152524787055 0.0801259468503972 -0.0218401736695255 -0.0384464961986461 -0.1053403034209788 0.1015509463312568 -0.0884692468576385 0.2373256497092472 -0.0026569985323191 0.0540323239090014 -0.0969732626623954
0.0200463673406267 0.0826563376841240 -0.0264583488261474 -0.0322247451035212 -0.1178856055722166 0.0988233041542242 -0.0894110314397489 0.2100676636994678 0.0037710560659329 0.0486047539415021 -0.0930138746592753 0.0133279916885740
0.0838135147824453 -0.0305110504936756 -0.0256823587890211 -0.1296468490628777 0.0947132480372763 -0.0889463053782712 0.1830842091600126 0.0097353178787465 0.0427167972719857 -0.0877768451925220 0.0069815911111615 0.0835230121556791
-0.0338292467916544 -0.0190622054665610 -0.1400993631627184 0.0893287214000830 -0.0870405380500013 0.1569542655050209 0.0150098022452683 0.0365646425495769 -0.0814044984579970 0.0011200119488394 0.0817468637117823 -0.0362620996831436
-0.0126117467703620 -0.1486537785658293 0.0828058555187831 -0.0836930601651439 0.1321467892504922 0.0193922056440569 0.0303479729702471 -0.0740667852330491 -0.0041452922897936 0.0784842888477247 -0.0376809934475737 -0.0065763052112726
-0.1546626821844631 0.0753053636300197 -0.0789374318963546 0.1090250525786335 0.0227089914686606 0.0242648176834062 -0.0659571740049186 -0.0086975757622272 0.0737714337315063 -0.0379830189728329 -0.0011922448215220 -0.1574303441316124
0.0670083608633768 -0.0728409613634256 0.0878535064113440 0.0248196143266348 0.0185064660431863 -0.0572878924799163 -0.0124090362077456 0.0676801884355485 -0.0370938261697760 0.0033197599360567 -0.1562255310962496 0.0581117174789698
-0.0655033777750913 0.0688067092508192 0.0256197960741413 0.0132525695905897 -0.0482846295839803 -0.0151363163174794 0.0603161222829413 -0.0349697718794631 0.0067611894625339 -0.1158945066046490 0.0000000000000000 0.0000000000000000
0.0000000000000000 0.0000000000000000 0.0000000000000000 0.0000000000000000 0.0000000000000000 0.0000000000000000 0.0000000000000000 0.0000000000000000 0.0000000000000000 0.0000000000000000 0.0000000000000000 0.0000000000000000
0.0000000000000000 0.0000000000000000 0.0000000000000000 0.0000000000000000 0.0000000000000000 0.0000000000000000 0.0000000000000000 0.0000000000000000 0.0000000000000000 0.0000000000000000 0.0000000000000000 0.0000000000000000
0.0000000000000000 0.0032447075887938 -0.0026336346615229 0.0002762297884522 -0.0001107820037290 -0.0001435567191239 -0.0010682898322219 0.0019179700154081 -0.0022808709266905 0.0115411801062282 -0.0052176660847497 0.0065888811514930
-0.0083605537467274 0.0082929754535645 -0.0010329181063766 0.0037071908827411 -0.0202980545835363 -0.0113555932585478 0.0108061223344529 -0.0095859400924981 0.0407311879171386 -0.0154269874616234 0.0171714507480508 -0.0196824377756266
0.0122824421268473 -0.0009290698652786 0.0061922572036569 -0.0289152917045403 -0.0223546497315260 0.0203560911882809 -0.0178717664052524 0.0704116773327025 -0.0246309546213450 0.0270977305743394 -0.0304260406264227 0.0083923280273375
0.0005592905349205 0.0072981071165565 -0.0273741694036984 -0.0337513187159066 0.0303391762932080 -0.0269333359356379 0.0995230665285989 -0.0326316011326371 0.0361523689675086 -0.0403095231541330 -0.0041682821310392 0.0033613013717431
0.0070204594882502 -0.0171689016075352 -0.0452235716337478 0.0405125794804865 -0.0365382309402342 0.1270419198982601 -0.0392692806225904 0.0441446347707464 -0.0490729539206183 -0.0260051357564592 0.0073660914296875 0.0053973349591750
0.0001353454061483 -0.0564512969861244 0.0506261342685050 -0.0464330921584019 0.1520057948137965 -0.0444266436617796 0.0509136320082270 -0.0564867139941552 -0.0575060487114511 0.0124262526855251 0.0025081338782776 0.0229442955308035
-0.0671257949248129 0.0604292236448345 -0.0563507896193944 0.1735368761586213 -0.0480313428524367 0.0563326965827413 -0.0623592031593249 -0.0988097214896256 0.0183623108856947 -0.0015284650253429 0.0496733819118990 -0.0769586979510329
0.0696776964529758 -0.0660181090948965 0.1908641769932945 -0.0500574127581430 0.0603128527608730 -0.0665435992823730 -0.1497768914143112 0.0249680615184386 -0.0065577368467587 0.0787831480532105 -0.0856900784158617 0.0781405934700876
-0.0751637432528016 0.2033440828145676 -0.0505253086541424 0.0628052323327369 -0.0689434419679269 -0.1766867800523968 0.0000000000000000 0.0000000000000000 0.0000000000000000 0.0000000000000000 0.0000000000000000 0.0000000000000000
0.0000000000000000 0.0000000000000000 0.0000000000000000 0.0000000000000000 0.0000000000000000 0.0000000000000000 0.0000000000000000 0.0000000000000000 0.0000000000000000 0.0000000000000000 0.0000000000000000 0.0000000000000000
0.0000000000000000 0.0000000000000000 0.0000000000000000 0.0000000000000000 0.0000000000000000 0.0000000000000000 0.0000000000000000 0.0000000000000000 0.0000000000000000 0.0536838363840281 -0.1770690467351743 0.0941021726411273
-0.1006128342362004 -0.1168020339505567 -0.1131998942449248 0.0796281590001981 -0.0626168877102901 0.1047697761989393 -0.0034948086439080 -0.0263920329371844 0.0607353868133361 -0.1714073481235482 0.0966708849710958 -0.1015485631325208
-0.0491705670261077 -0.1091216049891547 0.0741497309653029 -0.0558136893873301 0.0815178058636644 0.0046301501234973 -0.0327231357010458 0.0666381978231802 -0.1584123717858560 0.0975269440729938 -0.1007524309003423 0.0078361291131165
-0.1031810841876136 0.0675917778527982 -0.0482195786920387 0.0568255091961011 0.0123063366672949 -0.0382548892040702 0.0711248350275930 -0.1382509862725140 0.0966192288715243 -0.0982278059724645 0.0533421755414002 -0.0956200544399550
0.0601987849573192 -0.0401288348175415 0.0320152208503648 0.0192229541500766 -0.0427500561174378 0.0739727487124433 -0.1115505457394405 0.0939514806710632 -0.0940309723487859 0.0870860497932346 -0.0867302879856017 0.0522387874441415
-0.0318534343622435 0.0083937224315069 0.0250985916704103 -0.0460034826820137 0.0750130801112068 -0.0794300014689725 0.0895817220583414 -0.0882697260210184 0.1093536011951438 -0.0768422458794524 0.0439948724665322 -0.0237130083080929
-0.0128121561513474 0.0296899891050015 -0.0478486499172675 0.0741378679509695 -0.0435171740891014 0.0836199911984747 -0.0811003468550596 0.1209015999146312 -0.0663127729560329 0.0357562522295946 -0.0160243996701536 -0.0305161554814419
0.0327994266597089 -0.0481630430893597 0.0713053648889345 -0.0059506094043753 0.0762244801617615 -0.0727230248595587 0.1228745296319652 -0.0555122778524363 0.0278091822311357 -0.0090911488063803 -0.0438275912804041 0.0342805344812060
-0.0468721716330693 0.0665432249178645 0.0306352920146221 0.0675962133748602 -0.0633758678268916 0.1167173047367414 -0.0448118292263056 0.0204280024191721 -0.0031932425493082 -0.0520990482985836 0.0340423705410298 -0.0439521125203432
0.0599493842378644 0.1281647161822727 0.0000000000000000 0.0000000000000000 0.0000000000000000 0.0000000000000000 0.0000000000000000 0.0000000000000000 0.0000000000000000 0.0000000000000000 0.0000000000000000 0.0000000000000000
0.0000000000000000 0.0000000000000000 0.0000000000000000 0.0000000000000000 0.0000000000000000 0.0000000000000000 0.0000000000000000 0.0000000000000000 0.0000000000000000 0.0000000000000000 0.0000000000000000 0.0000000000000000
0.0000000000000000 0.0000000000000000 0.0000000000000000 0.0000000000000000 0.0000000000000000 0.0015928015847935 -0.0003882500415986 0.0009880318314303 -0.0000050538512791 0.0010717902477958 0.0004786167337147 0.0015303257750655
-0.0039768224888248 -0.0023918709211835 -0.0051189928960072 0.0064865601063764 -0.0036143403173639 -0.0050043738862600 -0.0056325545113686 -0.0005859046964691 0.0292174325346717 0.0033099968007629 0.0088253919111213 -0.0153956847137697
-0.0098565116734693 -0.0160074518318993 0.0165428814550837 -0.0068374497294811 -0.0057024298349936 -0.0106710288635792 -0.0029429037833313 0.0403115657513648 0.0038964321893954 0.0172967934246306 -0.0269103944776377 -0.0166959001728638
-0.0271912271789292 0.0256268998161706 -0.0079357926673267 -0.0005330234418194 -0.0139895832593080 -0.0069984230975964 0.0388270661129360 0.0022762550054025 0.0266736710346178 -0.0381459547734082 -0.0230354821754124 -0.0382857084169719
0.0334732568537674 -0.0068490312184091 0.0127363473051524 -0.0155137034015586 -0.0126128489821776 0.0287268825015128 -0.0014251930874561 0.0366528552381231 -0.0487326427389498 -0.0290506811225021 -0.0489144914921434 0.0398594732622060
-0.0036014378869538 0.0365557442691744 -0.0152342440476690 -0.0195890512618259 0.0134027764041203 -0.0070028041012453 0.0469093948629112 -0.0583195449450573 -0.0349162381188449 -0.0587229091760533 0.0446136819837701 0.0016970045352433
0.0735017947488117 -0.0132072101403603 -0.0276789000790291 -0.0043538860260092 -0.0141817250099349 0.0571078000076428 -0.0665876535519873 -0.0407588563777785 -0.0673905308860608 0.0476206473631516 0.0088527578807243 0.1261614608553843
-0.0095512741744274 -0.0365916279529990 -0.0223524345241419 -0.0226296846772953 0.0669136163241744 -0.0732620476909055 -0.0466164261862820 -0.0746422124610178 0.0488258646603663 0.0175941763307045 0.1969917607008285 -0.0044431392318870
-0.0460037673227714 -0.0389780800376414 -0.0319710997159285 0.0760049374090993 -0.0781227047219359 -0.0524067774452816 -0.0802573400490377 0.0482375872186830 0.0275801600699591 0.2056707721633694 0.0000000000000000 0.0000000000000000
0.0000000000000000 0.0000000000000000 0.0000000000000000 0.0000000000000000 0.0000000000000000 0.0000000000000000 0.0000000000000000 0.0000000000000000 0.0000000000000000 0.0000000000000000 0.0000000000000000 0.0000000000000000
0.0000000000000000 0.0000000000000000 0.0000000000000000 0.0000000000000000 0.0000000000000000 0.0000000000000000 0.0000000000000000 0.0000000000000000 0.0000000000000000 0.0000000000000000 0.0000000000000000 0.0000000000000000
0.0000000000000000 0.1000223523574125 0.2696980304757127 0.0558346862447240 -0.0973524039793453 0.2542954344111297 -0.0679578619143414 0.0896785547784819 0.0041745678351150 -0.1501670273607045 -0.0787541569222986 -0.0315680451212216
0.0997649119568313 0.2649320070900787 0.0629167436923527 -0.0953883247246028 0.1149112066741196 -0.0756934522453672 0.0846017670227504 0.0131738024089466 -0.1163032901527376 -0.0708461603829533 -0.0390118561586088 0.0973111929269195
0.2480934604407962 0.0685627084874989 -0.0915736466529601 0.0025292721330832 -0.0814204720686252 0.0780254168909674 0.0216545411849876 -0.0809695650000245 -0.0617899932845958 -0.0453902384830810 0.0927452840974269 0.2186477054518663
0.0725248149808238 -0.0860568805308997 -0.0831343786793005 -0.0848992789622992 0.0702209037861304 0.0292338632818302 -0.0458680975137554 -0.0519822447996745 -0.0504179266540077 0.0862460997766045 0.1767841088581758 0.0746221718036541
-0.0790530354607993 -0.1435006213482472 -0.0859923312278197 0.0615047609428643 0.0355623569694995 -0.0126448259565354 -0.0418447494744997 -0.0538612325013538 0.0780820745485474 0.1235740482805283 0.0747471362072453 -0.0708357057988800
-0.1808531337526398 -0.0846673042068911 0.0522264323010808 0.0403388031681471 0.0171661279559008 -0.0318072506158164 -0.0555470138196230 0.0686019985216478 0.0611280929991581 0.0728687561867807 -0.0617268845199248 -0.1980855288470432
-0.0809957004317497 0.0427549025630466 0.0433232383937594 0.0421943180774951 -0.0222901112983296 -0.0553694023773612 0.0582219316802436 -0.0072543293181546 0.0690333304004590 -0.0520847631165249 -0.1984740715075024 -0.0751471985358011
0.0334646218045358 0.0443477593205171 0.0612827033682824 -0.0136876793036697 -0.0532939895835667 0.0474088515743683 -0.0769503709001075 0.0633619532556407 -0.0422900543664175 -0.1854791792059534 -0.0673800416309220 0.0247212806984943
0.0433246157925233 0.0735353722569242 -0.0063530043332100 -0.0493593061097684 0.0366614795206310 -0.1504111480251735 0.0000000000000000 0.0000000000000000 0.0000000000000000 0.0000000000000000 0.0000000000000000 0.0000000000000000
0.0000000000000000 0.0000000000000000 0.0000000000000000 0.0000000000000000 0.0000000000000000 0.0000000000000000 0.0000000000000000 0.0000000000000000 0.0000000000000000 0.0000000000000000 0.0000000000000000 0.0000000000000000
0.0000000000000000 0.0000000000000000 0.0000000000000000 0.0000000000000000 0.0000000000000000 0.0000000000000000 0.0000000000000000 0.0000000000000000 0.0000000000000000 0.0011375007928986 0.0012313069103702 -0.0014355576465149
-0.0000811040169510 -0.0010590474714416 -0.0012913300196072 -0.0009853333492369 0.0036923812342499 0.0074039500939899 0.0017597306389054 -0.0060733182081915 -0.0037539164398272 -0.0115764787310603 0.0082161183949921 0.0042898622587378
0.0054111844592190 -0.0126349666002036 -0.0064054440680201 0.0136260728674384 0.0273637346879568 0.0069398644209902 -0.0153546643535438 -0.0106875648205021 -0.0293315390854714 0.0167389276909881 0.0105239641800795 -0.0096900877343901
-0.0229948770618329 -0.0134949386310298 0.0223048601497442 0.0502961149479996 0.0139719872684796 -0.0233471035663253 -0.0193498051878746 -0.0485876823261566 0.0237891579075780 0.0183754423559341 -0.0356618288342306 -0.0318788358218977
-0.0219670032098974 0.0293584712779939 0.0739047619888591 0.0225167022322308 -0.0297436142666368 -0.0293385738073304 -0.0646191312762367 0.0290889339979506 0.0275284152795204 -0.0640785250796912 -0.0388783169464038 -0.0314774354889086
0.0344837958842097 0.0958560046913145 0.0321719885063587 -0.0343028717349605 -0.0401801047706571 -0.0714463272546176 0.0324374847227905 0.0376099574212517 -0.0887052382962945 -0.0436846802202833 -0.0416390263844818 0.0374593518150719
0.1139423634049055 0.0424926645922447 -0.0368592199733857 -0.0513500128182100 -0.0619350825426126 0.0337188466300060 0.0482051196048022 -0.1053406442767393 -0.0461013061545980 -0.0520375670051136 0.0381556571047163 0.1262355748227963
0.0530097726066594 -0.0373299715214553 -0.0622969191229019 -0.0279765874796203 0.0329062275784319 0.0588741144744167 -0.1116028820392408 -0.0460492287073819 -0.0622491686708257 0.0365429634962899 0.1312219645404551 0.0632520894441877
-0.0357187661215082 -0.0724688345377016 0.0392419734461454 0.0300624180409507 0.0691707941057522 -0.1066764336798030 -0.0435683836082305 -0.0718575872786367 0.0326933834696603 0.1279162380475171 0.0727662144968145 -0.0321158107069304
-0.0813394798107646 0.2148184342016767 0.0000000000000000 0.0000000000000000 0.0000000000000000 0.0000000000000000 0.0000000000000000 0.0000000000000000 0.0000000000000000 0.0000000000000000 0.0000000000000000 0.0000000000000000
0.0000000000000000 0.0000000000000000 0.0000000000000000 0.0000000000000000 0.0000000000000000 0.0000000000000000 0.0000000000000000 0.0000000000000000 0.0000000000000000 0.0000000000000000 0.0000000000000000 0.0000000000000000
0.0000000000000000 0.0000000000000000 0.0000000000000000 0.0000000000000000 0.0000000000000000 0.0677083515055804 0.0049881000816034 0.0112525789582140 -0.0882042529733635 -0.3485204767523306 0.0436272207162638 0.0994489352268618
0.0661102134866842 -0.0455891050577188 -0.1057513606128553 -0.0398064321140399 0.0571403359560167 -0.0087373320879550 0.0225997021314169 -0.0820531400284017 -0.1988262257938002 0.0301650624487674 0.0950127735313984 0.0739405061246565
-0.0375236074384102 -0.1041422689084841 -0.0488520865334350 0.0451654017273145 -0.0189130884931227 0.0331611913393860 -0.0740332413807050 -0.0930682917111099 0.0162990747076061 0.0884535552702918 0.0796939153344259 -0.0268623136647080
-0.0999166490291808 -0.0563696205513263 0.0323696174326950 -0.0224620133398556 0.0424389350121803 -0.0645168143688776 -0.0243824816450817 0.0027345067491799 0.0800764106979049 0.0830772000504555 -0.0148224188078765 -0.0932967564019211
-0.0620064589560521 0.0193917496468243 -0.0164065856660575 0.0500057271684902 -0.0539450334732999 0.0147852126887591 -0.0098502239903335 0.0702648157519878 0.0839115264809294 -0.0027284611504699 -0.0846247492740395 -0.0654942659217435
0.0068982092989101 0.0017021985283540 0.0555067005531226 -0.0428145020445442 0.0319816406004644 -0.0208434745954216 0.0594700579200944 0.0821396124743202 0.0081402885769318 -0.0743343925124467 -0.0666641866530064 -0.0044637148069192
0.0331947064503675 0.0586908712348817 -0.0316483210508789 0.0342188474745946 -0.0297282910575007 0.0481803219589036 0.0778345455114990 0.0167331779274600 -0.0629383444437285 -0.0654532951373462 -0.0140920625762081 0.0776739339317159
0.0594089232356744 -0.0209767361386862 0.0275745439723909 -0.0361014348958658 0.0369114165155821 0.0711873513435373 0.0222878287992062 -0.0509835051939652 -0.0619053363758924 -0.0214656055843218 0.1322738828066688 0.0576254848186113
-0.0113116957772477 0.0169535135280246 -0.0396937245807095 0.0261730786086247 0.0625149804404490 0.0244953322369951 -0.0390483999337013 -0.0561758637076088 -0.0261774387754110 0.1251634131164135 0.0000000000000000 0.0000000000000000
0.0000000000000000 0.0000000000000000 0.0000000000000000 0.0000000000000000 0.0000000000000000 0.0000000000000000 0.0000000000000000 0.0000000000000000 0.0000000000000000 0.0000000000000000 0.0000000000000000 0.0000000000000000
0.0000000000000000 0.0000000000000000 0.0000000000000000 0.0000000000000000 0.0000000000000000 0.0000000000000000 0.0000000000000000 0.0000000000000000 0.0000000000000000 0.0000000000000000 0.0000000000000000 0.0000000000000000
