0.0000000000000000 0.0922066565931898 0.1561916615019751 0.0967257791027306 0.0983447997974819 0.1548418972925293 0.0885574476708651 0.0986847963865460 0.0957137227581677 0.1561073766882770 0.0931937569525979 0.0989327743389793
0.0914840853862306 0.1552450569969921 0.0962699327806858 0.0974645962900409 0.1536339391838357 0.0880455555347860 0.0976833464504615 0.0943372778817011 0.1540870078189629 0.0921396442215268 0.0973917012500320 0.0896671984068835
0.1524355039387912 0.0946517815310096 0.0954147767128947 0.1505764614049316 0.0864647113745221 0.0955041298390384 0.0918332591245006 0.1502146528844893 0.0899673743654924 0.0946797226225116 0.0867847268912615 0.1477988814501567
0.0918871584176766 0.0922228918531796 0.1457031666494547 0.0838264673774943 0.0921719891131806 0.0882368105647948 0.1445365381223367 0.0866976359783542 0.0908303565506929 0.0828782914467259 0.1413932878939020 0.0880060397207521
0.0879304225938140 0.1390699699311767 0.0801555204385485 0.0877259484796423 0.0835963135108081 0.1371209144831018 0.0823647402701068 0.0858910461798942 0.0780018089702708 0.1332983039173776 0.0830522170548991 0.0825922344639246
0.1307543488386805 0.0754894947632468 0.0822187481803339 0.0779727322879492 0.1280572253073140 0.0770162612793664 0.0799225644710427 0.0722207493396329 0.1236139909031129 0.0770827955602499 0.0762758664174414 0.1208544259367756
0.0698785601852771 0.0757162069456036 0.0714388056269349 0.1174550118558347 0.0707125079317373 0.0729982529448547 0.0656112521333609 0.1124596375860677 0.0701675240065028 0.0690606631793735 0.1094877943325550 0.0633848899960171
0.0682964203611884 0.0640780944753272 0.1054425702741166 0.0635258338638288 0.0652031041026358 0.0582591153603137 0.0999722707371270 0.0623879648073300 0.0610367624641282 0.0967901006613347 0.0560819641652590 0.0600488050918144
0.0559838988362930 0.0921653766865479 0.0555397930300067 0.0566326991988396 0.0502586697399347 0.0381522857971760 0.0000000000000000 0.0000000000000000 0.0000000000000000 0.0000000000000000 0.0000000000000000 0.0000000000000000
0.0000000000000000 0.0000000000000000 0.0000000000000000 0.0000000000000000 0.0000000000000000 0.0000000000000000 0.0000000000000000 0.0000000000000000 0.0000000000000000 0.0000000000000000 0.0000000000000000 0.0000000000000000
0.0000000000000000 0.0000000000000000 0.0000000000000000 0.0000000000000000 0.0000000000000000 0.0000000000000000 0.0000000000000000 0.0000000000000000 0.0000000000000000 0.0016555137560870 -0.0010832750114131 -0.0003432084845526
-0.0001604938004257 -0.0008012052657871 0.0018287944462971 0.0007034150845183 -0.0024683589623463 -0.0008006606492994 0.0041765358375878 -0.0003388059582625 -0.0066376133707015 -0.0032500597953333 0.0045410769068988 -0.0034498153402836
0.0034204379860035 0.0114871797947359 0.0027794022229934 -0.0084762361249517 0.0000421760026698 0.0113659560463864 -0.0011187401498653 -0.0151398143154455 -0.0057779604927233 0.0090473651835726 -0.0070280898474488 0.0072073413258742
0.0207362643937398 0.0044876823752773 -0.0146932594670202 0.0004854843259545 0.0181185785773593 -0.0022194351703529 -0.0237419809300034 -0.0086294806412473 0.0131257131983940 -0.0108451499006915 0.0105207535678059 0.0294676949577771
0.0058144382578214 -0.0210357411832472 0.0005333723816408 0.0243586914070905 -0.0036186115377544 -0.0323304604144776 -0.0117584973890522 0.0167352480131156 -0.0148440680599046 0.0133323362115360 0.0375827087160246 0.0067544428554906
-0.0274148949689557 0.0001994243819192 0.0300204190245456 -0.0052864632552023 -0.0407885921168969 -0.0151109733823471 0.0198445807249474 -0.0189619962597908 0.0156243797072268 0.0449932915101139 0.0073109987411395 -0.0337380900133620
-0.0004936345754394 0.0350484364019134 -0.0071861818224246 -0.0489983188814868 -0.0186258205561045 0.0224320570271004 -0.0231311227061719 0.0173898339263209 0.0516231629190701 0.0074957256392834 -0.0399101927099958 -0.0015144405718972
0.0393985093735210 -0.0092746116988193 -0.0568418504092996 -0.0222359025875880 0.0244858428641955 -0.0272797319807913 0.0186321546049996 0.0574085769818443 0.0073282009078845 -0.0458349766807660 -0.0028236508100025 0.0430378561440529
-0.0115030265472880 -0.0642033550361167 -0.0258691604197255 0.0260038461598088 -0.0313333522645233 0.0193649704658617 0.0622989298927438 0.0068354599973812 -0.0514165804121487 -0.0043747499171168 0.0459453274098534 -0.0138180135616827
-0.0709706556099477 -0.1108081298764091 0.0000000000000000 0.0000000000000000 0.0000000000000000 0.0000000000000000 0.0000000000000000 0.0000000000000000 0.0000000000000000 0.0000000000000000 0.0000000000000000 0.0000000000000000
0.0000000000000000 0.0000000000000000 0.0000000000000000 0.0000000000000000 0.0000000000000000 0.0000000000000000 0.0000000000000000 0.0000000000000000 0.0000000000000000 0.0000000000000000 0.0000000000000000 0.0000000000000000
0.0000000000000000 0.0000000000000000 0.0000000000000000 0.0000000000000000 0.0000000000000000 0.0257528675742901 -0.1945362428670666 0.0712233651984195 0.0838171579579734 -0.2019789743487911 -0.0014968669144600 0.0894127111219570
0.0599748477580901 -0.1919510270128329 0.0416874247204254 0.0931246138066929 0.0231034663722154 -0.1942599508878783 0.0723825504699546 0.0822614214241113 -0.1997286179593658 0.0014312879433625 0.0892362611635971 0.0574859909659274
-0.1895935256122067 0.0433910276881947 0.0916276238990266 0.0201825788370431 -0.1916829371838874 0.0725938946470249 0.0796954641372385 -0.1951462128162686 0.0042240860283999 0.0879203586248737 0.0543244140163117 -0.1850079890820633
0.0444499793756391 0.0889912433081505 0.0170895609036391 -0.1868200736307042 0.0718228503431401 0.0761789200251090 -0.1883056813007736 0.0067816882812988 0.0854700074869104 0.0505764728206550 -0.1782495669091158 0.0448032746055699
0.0852577411740511 0.0139269326802521 -0.1797113235454326 0.0700503713490439 0.0717851553247541 -0.1793049021494919 0.0090111629499943 0.0819072452172081 0.0463369427610469 -0.1693967492555698 0.0444025946088940 0.0804853447796482
0.0107982735343608 -0.1704215525283604 0.0672734302521211 0.0665999247766328 -0.1682644028840622 0.0108283257692286 0.0772708901384336 0.0417071798670288 -0.1585505341253252 0.0432133646859796 0.0747472801981588 0.0078060801634228
-0.1590400906566874 0.0635052662694449 0.0607198288700110 -0.1553258459359368 0.0121593929607808 0.0716160163165900 0.0367931704273954 -0.1458333818156410 0.0412155632395077 0.0681305737682801 0.0050496260008957 -0.1456800458767258
0.0587753585796630 0.0542505985031194 -0.1406503265273147 0.0129424196394340 0.0650131642561780 0.0317035032032853 -0.1313879658970680 0.0384042684043438 0.0607346343091431 0.0026228606683117 -0.1304773705794217 0.0531291250683797
0.0473052363335925 -0.1244165015095253 0.0131285002016093 0.0575473000660651 0.0265472998742568 -0.1153757314385809 0.0347899330672568 0.0526696396105920 0.0006123878916298 -0.0994182888251308 0.0000000000000000 0.0000000000000000
0.0000000000000000 0.0000000000000000 0.0000000000000000 0.0000000000000000 0.0000000000000000 0.0000000000000000 0.0000000000000000 0.0000000000000000 0.0000000000000000 0.0000000000000000 0.0000000000000000 0.0000000000000000
0.0000000000000000 0.0000000000000000 0.0000000000000000 0.0000000000000000 0.0000000000000000 0.0000000000000000 0.0000000000000000 0.0000000000000000 0.0000000000000000 0.0000000000000000 0.0000000000000000 0.0000000000000000
0.0000000000000000 0.0028565068400306 -0.0026994511687809 -0.0011061815081539 0.0000166555454779 -0.0012359423570041 0.0013432411603688 0.0011091316773383 -0.0037694971702788 -0.0024056365921282 0.0056884806607720 -0.0007986648415504
-0.0082445516978968 0.0146707693665902 0.0077440214385866 -0.0066200236829796 -0.0296453496994108 0.0117289555202078 0.0050996303981822 -0.0140995997063633 -0.0063971626387990 0.0168012543996735 -0.0026324616508816 -0.0191256019053894
0.0347455458664902 0.0160356749072407 -0.0137418778432373 -0.0547871613923299 0.0223046357773641 0.0083701605360512 -0.0245321945759699 -0.0074817989678552 0.0275645541186523 -0.0051161729859581 -0.0296137605179205 0.0572453965707096
0.0236528957050920 -0.0212341781803984 -0.0764239888806889 0.0328893116952495 0.0108858576514388 -0.0349032491611243 -0.0057137419012922 0.0378167588595639 -0.0081970503672066 -0.0395431862196698 0.0818281636896672 0.0304955079511805
-0.0289708270538889 -0.0943936299985675 0.0433010454012380 0.0126302692172750 -0.0450469257918240 -0.0012137936594305 0.0474069876539724 -0.0118063579885438 -0.0487583113313496 0.1080938310338185 0.0364806654540895 -0.0368166876444189
-0.1086097359276271 0.0533604752852800 0.0136054539688203 -0.0547986640679539 0.0058332472325127 0.0561977390070503 -0.0158607589538229 -0.0571169131596284 0.1355904098741061 0.0415441168945912 -0.0446301232041112 -0.1190612156374958
0.0628942647353052 0.0138317011998913 -0.0639982778671781 0.0151823129121772 0.0640672452681951 -0.0202640119830202 -0.0644929630073111 0.1638208122786698 0.0456410930369596 -0.0522656979705656 -0.1258104049421134 0.0717383912615593
0.0133468774167166 -0.0724930074654182 0.0265328492167538 0.0709115006518406 -0.0249089457259139 -0.0707791941155626 0.1922506153547068 0.0487468025953089 -0.0595769883610091 -0.1289900455488502 0.0797412155988936 0.0122054149749769
-0.0801404673540836 0.0395345772970114 0.0766459283259023 -0.0296796723109803 -0.0758893342390559 0.1584099548244279 0.0000000000000000 0.0000000000000000 0.0000000000000000 0.0000000000000000 0.0000000000000000 0.0000000000000000
0.0000000000000000 0.0000000000000000 0.0000000000000000 0.0000000000000000 0.0000000000000000 0.0000000000000000 0.0000000000000000 0.0000000000000000 0.0000000000000000 0.0000000000000000 0.0000000000000000 0.0000000000000000
0.0000000000000000 0.0000000000000000 0.0000000000000000 0.0000000000000000 0.0000000000000000 0.0000000000000000 0.0000000000000000 0.0000000000000000 0.0000000000000000 -0.0634631649384715 -0.0641839778897620 0.0358815123020405
0.0700195489680169 0.0912673725354847 -0.0981428537144384 0.0878058444853038 0.0059216258964787 -0.1210176832903572 -0.0331557561572018 0.0992471189924611 -0.0673783302343023 -0.0519139664518412 0.0397366947588684 0.0665466959094537
0.0700667489550882 -0.0944902697307086 0.0889921755233778 0.0014042458365786 -0.1234440068011868 -0.0282506601135337 0.0971995829963307 -0.0703188590672724 -0.0382530346436994 0.0429465417404869 0.0622260768132878 0.0495415882233232
-0.0896146353570914 0.0889048961817999 -0.0030159893883930 -0.1232834654659321 -0.0231509290978408 0.0938574941703117 -0.0721499619665835 -0.0237254053973210 0.0453786736382129 0.0571960769481805 0.0303495637905326 -0.0836680908788872
0.0875099527220923 -0.0071709847476162 -0.1205427524553962 -0.0180338062840038 0.0892957165157666 -0.0727591161627472 -0.0089192403222334 0.0469182723815007 0.0516085866952317 0.0130607997150869 -0.0768220365567293 0.0847995719156466
-0.0108981025346241 -0.1153202834613530 -0.0130729949539793 0.0836124624127668 -0.0720592814551649 0.0055266375136065 0.0474708147409416 0.0456254819928445 -0.0018514556282598 -0.0692627143866657 0.0807925577251802 -0.0140441992028572
-0.1078025381130996 -0.0084345254188715 0.0769271513289356 -0.0699915899162343 0.0189377580048733 0.0469643400569920 0.0394148769808449 -0.0140175562715908 -0.0611865532570950 0.0755340144989427 -0.0164694866463318 -0.0982581052882312
-0.0042728522450816 0.0693778147400569 -0.0665274368428857 0.0306204670967057 0.0453512050406765 0.0331472304384539 -0.0231755187298926 -0.0527953864223937 0.0690945032898934 -0.0180511285949714 -0.0870295744606809 -0.0007272657805330
0.0611181028648738 -0.0616699120609872 0.0398795140585633 0.0426092896933907 0.0269913912910470 -0.0291724034059036 -0.0442916505658767 0.0615686500362935 -0.0186864874480586 -0.0745234610230978 0.0020813059839847 0.0523139574512413
-0.0554545239504138 0.1116365482014699 0.0000000000000000 0.0000000000000000 0.0000000000000000 0.0000000000000000 0.0000000000000000 0.0000000000000000 0.0000000000000000 0.0000000000000000 0.0000000000000000 0.0000000000000000
0.0000000000000000 0.0000000000000000 0.0000000000000000 0.0000000000000000 0.0000000000000000 0.0000000000000000 0.0000000000000000 0.0000000000000000 0.0000000000000000 0.0000000000000000 0.0000000000000000 0.0000000000000000
0.0000000000000000 0.0000000000000000 0.0000000000000000 0.0000000000000000 0.0000000000000000 0.0014407865046677 0.0030705510901460 -0.0018460533279094 0.0004199796986638 -0.0001483160829645 -0.0000914003985366 0.0013471460511272
-0.0035832902275194 0.0025131830771039 0.0040640062179880 -0.0013943411160619 -0.0029599038192183 -0.0082830091332475 0.0093211268031299 -0.0092887503233469 0.0260962508455618 -0.0003185085320985 0.0071951866487248 -0.0142065862013570
0.0044795453566342 0.0133526409585396 -0.0046300577640768 -0.0060745598081340 -0.0226455070290529 0.0201369077941661 -0.0194403435379928 0.0469090258318774 0.0008781545167853 0.0119907348822462 -0.0242412921908674 0.0050288597386608
0.0231639565275194 -0.0088636287868024 -0.0078265420707030 -0.0402205289539120 0.0303913220461950 -0.0298294920900291 0.0627100033112421 0.0034248385997562 0.0156583715553737 -0.0334843940540800 0.0042417211850290 0.0332757000991688
-0.0139930454859632 -0.0081784335566104 -0.0611604034452646 0.0398898351811284 -0.0402416201122128 0.0739727454409404 0.0072090807383590 0.0181540173169929 -0.0417525576514761 0.0021871630724397 0.0434570961683628 -0.0198897647610288
-0.0071336917084271 -0.0855507820161164 0.0484579472864165 -0.0504581129444099 0.0812044761198799 0.0120835161093423 0.0194658055817457 -0.0488869214127517 -0.0010766908140457 0.0534747758931656 -0.0264018883931432 -0.0047372478377846
-0.1133951245490811 0.0559452581160427 -0.0602616925682979 0.0849277767829938 0.0178705212595719 0.0196141460055983 -0.0547573255070499 -0.0055000933046343 0.0630986986484434 -0.0333579416426577 -0.0010750130951713 -0.1445996131542822
0.0622289014811829 -0.0694418075778031 0.0856642620627176 0.0243675511784020 0.0186509797906131 -0.0592658630399992 -0.0110374186038999 0.0721079190127610 -0.0405711597943675 0.0037277230550719 -0.1789590436235839 0.0672162702071260
-0.0777999044539150 0.0839205315067193 0.0313530183450716 0.0166582476491716 -0.0623496536315191 -0.0176414105473302 0.0802960584934384 -0.0478441786570365 0.0095089883366136 -0.1675939726671704 0.0000000000000000 0.0000000000000000
0.0000000000000000 0.0000000000000000 0.0000000000000000 0.0000000000000000 0.0000000000000000 0.0000000000000000 0.0000000000000000 0.0000000000000000 0.0000000000000000 0.0000000000000000 0.0000000000000000 0.0000000000000000
0.0000000000000000 0.0000000000000000 0.0000000000000000 0.0000000000000000 0.0000000000000000 0.0000000000000000 0.0000000000000000 0.0000000000000000 0.0000000000000000 0.0000000000000000 0.0000000000000000 0.0000000000000000
0.0000000000000000 0.1063349162122239 -0.1229585907897464 0.0174710472396810 -0.0405826817410304 0.2408778580033720 0.0892773698482749 -0.0765648971369167 0.0597977046654855 -0.2573618881996539 0.0986904922473851 -0.0998391106990615
0.1056376703397095 -0.0939358609760462 0.0109944343589575 -0.0345945133629132 0.1836347215516165 0.0930407461474514 -0.0798406504774749 0.0644694182605182 -0.2615867177531279 0.0942141981670293 -0.0969023416715746 0.1031973892196360
-0.0614370172633925 0.0045100531531311 -0.0281886446453917 0.1296074781110424 0.0950746476254815 -0.0817600893672381 0.0679767404632913 -0.2603570069030621 0.0883834050436602 -0.0925371468969242 0.0990793989452894 -0.0266063190466664
-0.0017302506869181 -0.0216079568421960 0.0802528534282302 0.0952874476362298 -0.0822210439578861 0.0701519203277625 -0.2537416598474708 0.0813985299725161 -0.0868735316078313 0.0934000967850098 0.0092169106243312 -0.0074841299529734
-0.0150998538142685 0.0367415463409819 0.0936438449393373 -0.0811606725064502 0.0708637982497563 -0.2419868271083053 0.0734887880957581 -0.0800749989317863 0.0863244984149877 0.0445139607952768 -0.0125256613565334 -0.0089091313197043
-0.0000409281880614 0.0901646757057383 -0.0785572221806421 0.0700222237550912 -0.2255078958636395 0.0649051024890130 -0.0723340129301910 0.0780622616448093 0.0776075062539066 -0.0166517493422527 -0.0032708744262676 -0.0294879045615979
0.0849250815935077 -0.0744306520989188 0.0675813486284087 -0.2048786556345643 0.0559125127923250 -0.0638666576802485 0.0688622612019222 0.1066876021141767 -0.0196878365585244 0.0015964187741153 -0.0512603658224954 0.0780511333830761
-0.0688421051340033 0.0635416820490095 -0.1808177571016268 0.0467823038576060 -0.0549066370286168 0.0590058331576389 0.1298429349776714 -0.0214927698618435 0.0054972932512730 -0.0652715193632254 0.0697150496713836 -0.0618922461223661
0.0579508269954453 -0.1541725802890627 0.0377840792576329 -0.0456987779306288 0.0487988496917354 0.1216234808840070 0.0000000000000000 0.0000000000000000 0.0000000000000000 0.0000000000000000 0.0000000000000000 0.0000000000000000
0.0000000000000000 0.0000000000000000 0.0000000000000000 0.0000000000000000 0.0000000000000000 0.0000000000000000 0.0000000000000000 0.0000000000000000 0.0000000000000000 0.0000000000000000 0.0000000000000000 0.0000000000000000
0.0000000000000000 0.0000000000000000 0.0000000000000000 0.0000000000000000 0.0000000000000000 0.0000000000000000 0.0000000000000000 0.0000000000000000 0.0000000000000000 -0.0015730361890528 0.0034170665904211 -0.0013738322908661
0.0001528010238963 0.0012130660053086 -0.0014916608912154 0.0020912038296714 -0.0024643503021075 0.0037803989231613 -0.0001890097959838 -0.0017738464033919 0.0048808458224955 -0.0153625499564908 0.0092002723182848 -0.0110064813115691
-0.0042140462822768 -0.0134523993304698 0.0101273386257200 -0.0083680228387682 0.0116828386749870 0.0007639188319888 -0.0058395431099330 0.0127933047969714 -0.0317681882275921 0.0202136815870393 -0.0222604335977612 0.0029153055464976
-0.0243925999210751 0.0169155163475026 -0.0127398636359390 0.0142648639748028 0.0034456355411324 -0.0112525314570934 0.0219358410440128 -0.0436963091755918 0.0313607290555872 -0.0333091172457149 0.0193326374219717 -0.0339995166199797
0.0222959351408212 -0.0154623991365401 0.0113578115686357 0.0077332662124223 -0.0178511808952260 0.0320314163112185 -0.0489720908415395 0.0423326591572818 -0.0438569192335893 0.0419161875349715 -0.0420144049538815 0.0261548581355599
-0.0164728779458954 0.0031056276467370 0.0134507214667733 -0.0254340056260684 0.0427630308818588 -0.0454343700233264 0.0528273358761688 -0.0536218586231605 0.0677781356196991 -0.0482398805428914 0.0284279256190212 -0.0157659332268342
-0.0100480853178755 0.0203752347849028 -0.0337658882620839 0.0537838995740497 -0.0310284248776539 0.0625586462288231 -0.0623445401801489 0.0943364786020142 -0.0525450111569760 0.0291019274863239 -0.0133944221102549 -0.0273845784390913
0.0282452800084819 -0.0425853611015750 0.0647289353645822 -0.0039045713129062 0.0712653130667125 -0.0697964740745624 0.1193709282212170 -0.0548680519039422 0.0282149881668689 -0.0094683827250706 -0.0479452241063187 0.0367695922696975
-0.0516127252397670 0.0752271963155434 0.0374797323605215 0.0787188525225680 -0.0757874969723458 0.1410625984242058 -0.0552168103404168 0.0258551643299562 -0.0041521066866232 -0.0705764820214849 0.0456369886957618 -0.0605587609240687
0.0849149081440240 0.1866731153200155 0.0000000000000000 0.0000000000000000 0.0000000000000000 0.0000000000000000 0.0000000000000000 0.0000000000000000 0.0000000000000000 0.0000000000000000 0.0000000000000000 0.0000000000000000
0.0000000000000000 0.0000000000000000 0.0000000000000000 0.0000000000000000 0.0000000000000000 0.0000000000000000 0.0000000000000000 0.0000000000000000 0.0000000000000000 0.0000000000000000 0.0000000000000000 0.0000000000000000
0.0000000000000000 0.0000000000000000 0.0000000000000000 0.0000000000000000 0.0000000000000000 0.0537866107276154 0.0527309822017213 0.0662640031687922 -0.0027590402856730 -0.3486841490268730 -0.0371995595440515 -0.0589700450674012
0.1018539126417693 0.0707747867374514 0.0951988588270726 -0.0969606314259104 0.0451514574143239 0.0395830394631741 0.0593793294659107 0.0054214018010394 -0.2551665247900203 -0.0269185777801931 -0.0647674476798930 0.1029056878062399
0.0672374770497721 0.0972104198334446 -0.0928686602168596 0.0356750993271631 0.0211136707484428 0.0515662919563475 0.0133394863927048 -0.1754489910734445 -0.0165048900417389 -0.0692066921471868 0.1019826182670006 0.0633422369408196
0.0972319547655745 -0.0872232300539200 0.0257595003673252 -0.0027687990981341 0.0431462011005168 0.0206593041548440 -0.1099036904191582 -0.0064080359617490 -0.0720874594020268 0.0990902814930740 0.0593490336551865 0.0952542140732929
-0.0802320459300721 0.0158305327911657 -0.0317318158581188 0.0344591426264402 0.0270644163988330 -0.0581759726157481 0.0029443606909150 -0.0732632271920174 0.0943057118853514 0.0553945801224821 0.0913410267450562 -0.0721483998692903
0.0063220604702526 -0.0649168631723368 0.0258517853454008 0.0322691692716830 -0.0193447780197208 0.0111626134214677 -0.0726462355295929 0.0877756823635280 0.0514927789183364 0.0856257900785917 -0.0632625183857343 -0.0023407508547755
-0.1008446762949721 0.0176650840281308 0.0360290422089449 0.0079214920276718 0.0179090401029378 -0.0702104272946702 0.0797124407118664 0.0475495488515446 0.0783055381598412 -0.0538916186880439 -0.0097582943632213 -0.1373326898059001
0.0102223010795771 0.0381496547926789 0.0252185855251521 0.0229096361135518 -0.0659922692766172 0.0703869982334546 0.0433907939122236 0.0696328427996757 -0.0443690134522707 -0.0155729267339400 -0.1714301479431057 0.0038177505499794
0.0384941099592812 0.0342736889433973 0.0259630060610322 -0.0600894337295248 0.0601201560702052 0.0388015966526048 0.0599058772847433 -0.0350326213051927 -0.0194842810612324 -0.1413021481595067 0.0000000000000000 0.0000000000000000
0.0000000000000000 0.0000000000000000 0.0000000000000000 0.0000000000000000 0.0000000000000000 0.0000000000000000 0.0000000000000000 0.0000000000000000 0.0000000000000000 0.0000000000000000 0.0000000000000000 0.0000000000000000
0.0000000000000000 0.0000000000000000 0.0000000000000000 0.0000000000000000 0.0000000000000000 0.0000000000000000 0.0000000000000000 0.0000000000000000 0.0000000000000000 0.0000000000000000 0.0000000000000000 0.0000000000000000
0.0000000000000000 -0.0029741978670357 -0.0056795860829042 -0.0008281145198877 0.0001877204186329 -0.0002782222062254 -0.0008755470475159 0.0023210837529692 0.0001672303421517 -0.0073194439213618 -0.0042338840325855 -0.0021170318410784
0.0079734473093250 0.0235472350822731 0.0059722230567915 -0.0102985307384215 0.0122587481459606 -0.0093090959431040 0.0115212659201150 0.0019739534150617 -0.0187109435365267 -0.0116647067772738 -0.0069536434326729 0.0186376733483611
0.0498447237737874 0.0141920233758333 -0.0201916442849888 0.0000789449851387 -0.0192234870715009 0.0194933544193445 0.0057157884370821 -0.0225137424567016 -0.0172778140822482 -0.0133395858769524 0.0285591864702429 0.0695047327078109
0.0235186252597591 -0.0291404270217636 -0.0289450195264221 -0.0301600952797233 0.0259747624429494 0.0112543125631040 -0.0186191274163158 -0.0208907553921109 -0.0210373143662736 0.0373008443374610 0.0783318145007628 0.0335983189652129
-0.0368286363769220 -0.0679589368750658 -0.0416265194850120 0.0307611253153307 0.0183758080577010 -0.0072774684848909 -0.0224052395271449 -0.0297581282382483 0.0444669751069667 0.0717306288846740 0.0440503614160669 -0.0429875126940394
-0.1111795523989210 -0.0531184941442783 0.0337138098499097 0.0267989401586662 0.0109241134514099 -0.0218096703938955 -0.0391731258067422 0.0497217432188274 0.0448294186236944 0.0544818543157670 -0.0474064945148302 -0.1539015975413991
-0.0641416941553544 0.0347648656458570 0.0361852251858052 0.0350875002488712 -0.0191781876555429 -0.0489256490997981 0.0528055073776374 -0.0073574297748418 0.0645029110952876 -0.0499418783150507 -0.1924676228653270 -0.0742323947800351
0.0339193458823134 0.0461520375851751 0.0640333493129359 -0.0146663894780072 -0.0586448403191896 0.0535484991007203 -0.0897256245388147 0.0737415987742136 -0.0505229210755044 -0.2242077665775791 -0.0829761985414476 0.0312548630997917
0.0562876602557381 0.0963352816525345 -0.0085039435293689 -0.0679597899949827 0.0518810004166487 -0.2189242672030955 0.0000000000000000 0.0000000000000000 0.0000000000000000 0.0000000000000000 0.0000000000000000 0.0000000000000000
0.0000000000000000 0.0000000000000000 0.0000000000000000 0.0000000000000000 0.0000000000000000 0.0000000000000000 0.0000000000000000 0.0000000000000000 0.0000000000000000 0.0000000000000000 0.0000000000000000 0.0000000000000000
0.0000000000000000 0.0000000000000000 0.0000000000000000 0.0000000000000000 0.0000000000000000 0.0000000000000000 0.0000000000000000 0.0000000000000000 0.0000000000000000 0.0374591511833856 0.0934095603490578 -0.0916369901180896
-0.0310636454742049 -0.1931709376305039 0.1066549621249552 0.0391507138042735 -0.0964173356499104 -0.1527146681348239 -0.0332066259990332 0.0918165750927858 0.0473449382022809 0.1228184665679953 -0.0873154949244101 -0.0399841105644756
-0.0567880811890517 0.1034011368451577 0.0472825860617403 -0.0915443936614446 -0.1728386198224576 -0.0423485463474219 0.0865732175090610 0.0559920039547140 0.1431851324705812 -0.0811962795686545 -0.0478776536906238 0.0407148207652971
0.0977349429569020 0.0541729185079956 -0.0847851957643626 -0.1847215569070938 -0.0501106898410859 0.0796836087681007 0.0629778820882001 0.1514315065457092 -0.0735578314054396 -0.0543810629620092 0.1033407386713406 0.0899603036325230
0.0595081120146397 -0.0764331379349678 -0.1878695748331510 -0.0561457703251378 0.0714421329337776 0.0679520394422691 0.1451059382452798 -0.0647419295538787 -0.0591877557317645 0.1362791626513601 0.0804753797503739 0.0630392424563491
-0.0668537519594415 -0.1824235476407540 -0.0601875898220468 0.0621996432986448 0.0706566975071118 0.1227352869179796 -0.0551388544082676 -0.0620613976764404 0.1453889984641681 0.0697515042880634 0.0645926959282854 -0.0564703195178752
-0.1691360819919697 -0.0620617018373325 0.0523488832386708 0.0709413507800045 0.0841982426173837 -0.0451700763623614 -0.0628461452212026 0.1367484027789176 0.0583083652922993 0.0640767740064365 -0.0457452345848123 -0.1493146606280357
-0.0616908288011191 0.0423086435001141 0.0687729548236563 0.0311093179376688 -0.0352702592681422 -0.0614739113505370 0.1162770423433299 0.0466893015216304 0.0614856497655896 -0.0351609824743387 -0.1247322762767130 -0.0590974683794595
0.0325062287588162 0.0642405406467485 -0.0328010197279301 -0.0258693523064118 -0.0579682329003186 0.0894321437287355 0.0354353929782844 0.0568993874614417 -0.0251979937397063 -0.0975080013759737 -0.0544007115283594 0.0233599080166098
0.0575547101905753 -0.1478297731198840 0.0000000000000000 0.0000000000000000 0.0000000000000000 0.0000000000000000 0.0000000000000000 0.0000000000000000 0.0000000000000000 0.0000000000000000 0.0000000000000000 0.0000000000000000
0.0000000000000000 0.0000000000000000 0.0000000000000000 0.0000000000000000 0.0000000000000000 0.0000000000000000 0.0000000000000000 0.0000000000000000 0.0000000000000000 0.0000000000000000 0.0000000000000000 0.0000000000000000
0.0000000000000000 0.0000000000000000 0.0000000000000000 0.0000000000000000 0.0000000000000000 0.0019494280283289 -0.0046820721052012 -0.0042789159195228 -0.0023151780574979 0.0049705676978424 0.0030410009220503 0.0032036514098795
0.0001992930345292 0.0038301057134564 -0.0034935846274000 0.0011472180701543 0.0087647073158262 -0.0071328595390045 -0.0020516900957074 -0.0117364938150155 -0.0239375308198671 0.0067219818959738 0.0140449457339401 0.0090946298132512
0.0007405214642695 -0.0154416168270714 -0.0050701366329766 0.0129362911903373 -0.0118701927860395 0.0025894153544887 -0.0196015061625472 -0.0274327941522599 0.0073893476087451 0.0236950220449793 0.0194979517613239 -0.0000555296018979
-0.0267316939521864 -0.0131182881291086 0.0143195477775036 -0.0167773443768961 0.0094149623273053 -0.0255373194474704 -0.0179013328480885 0.0050374353832741 0.0317315148791240 0.0309158109286125 0.0019387756852923 -0.0368155578191074
-0.0226275219206550 0.0127880268129181 -0.0181610697517307 0.0181000670364037 -0.0292675896621444 -0.0042606716503920 -0.0001569740290117 0.0378122773938299 0.0428094469520535 0.0068147420069115 -0.0452066807064255 -0.0331671811401210
0.0083502430703408 -0.0105414687210533 0.0282269718695301 -0.0306041583633861 0.0076888539863095 -0.0078890136127732 0.0416782559030151 0.0546026539590033 0.0141647558756384 -0.0515057837054414 -0.0442544754697630 0.0011818257015162
0.0134609313897447 0.0393227447386334 -0.0294773779042460 0.0146576576811581 -0.0177220932771500 0.0431784751000257 0.0657188929883265 0.0232216181479018 -0.0554207251011101 -0.0553813771955672 -0.0084095624177689 0.0631154448891894
0.0508760026469184 -0.0259315001925547 0.0154434845180257 -0.0291217819138797 0.0422627031126159 0.0756047643059070 0.0328872991896600 -0.0567789968902455 -0.0660416724545595 -0.0199710548450897 0.1494129655117454 0.0623453986191632
-0.0201159639992601 0.0103416008990798 -0.0414762219719201 0.0389913105968340 0.0837625550640166 0.0418760972640962 -0.0555354499660624 -0.0757431059673572 -0.0329369124743132 0.1954106299061363 0.0000000000000000 0.0000000000000000
0.0000000000000000 0.0000000000000000 0.0000000000000000 0.0000000000000000 0.0000000000000000 0.0000000000000000 0.0000000000000000 0.0000000000000000 0.0000000000000000 0.0000000000000000 0.0000000000000000 0.0000000000000000
0.0000000000000000 0.0000000000000000 0.0000000000000000 0.0000000000000000 0.0000000000000000 0.0000000000000000 0.0000000000000000 0.0000000000000000 0.0000000000000000 0.0000000000000000 0.0000000000000000 0.0000000000000000
