-5.9450508834388263 -0.1073682337557869 -1.2582354662984829 -1.5954635140277948 -0.8527803676863541 -0.0977503468391114 -0.0887667470979422 -0.5044218967375727 -0.6163989607739319 -0.2873603072396537 -0.0050896594274784 -0.1072094948321540
-0.3541440084086159 -0.3520684055899277 -0.1173642311037585 0.0073275328038022 -0.1226378850379868 -0.2755151612768854 -0.2161676739351826 -0.0402305148759613 -0.0014449318754610 -0.1317888208885844 -0.2172933844877878 -0.1293937653797193
-0.0027885018202568 -0.0174609887280940 -0.1336987695797235 -0.1674717457457275 -0.0695941483052841 0.0127308101287404 -0.0347155019307550 -0.1283955360133090 -0.1229023812587636 -0.0282708456775413 0.0148638353806375 -0.0498067968150536
-0.1166274115285445 -0.0832468748810063 -0.0012077659559695 0.0089131405832099 -0.0606801388405452 -0.0996972866341705 -0.0490910952690277 0.0143684886924655 -0.0012662040519427 -0.0662461397758036 -0.0792884231505492 -0.0211652341375170
0.0207926961003872 -0.0126898570039468 -0.0662174472321613 -0.0572721367645559 0.0000342242642716 0.0203048879067126 -0.0230746443618694 -0.0609843394565840 -0.0355102536038219 0.0144262434214239 0.0151138846379753 -0.0308045525725282
-0.0514757431767612 -0.0156709325998941 0.0224040201872899 0.0073335881059942 0.0232568057023504 0.0481536772901393 0.0181741594655404 -0.0209953207409266 -0.0074281529106311 0.0415946504521925 0.0530422285399488 0.0091446900648169
-0.0226114022914536 0.0094226154818152 0.0601189822092988 0.0533755329852539 -0.0010036944352325 -0.0186205223386574 0.0317421599559598 0.0770818154942802 0.0487988758196518 -0.0103409719480720 -0.0073298080113234 0.0587638247359515
0.0907117240764923 0.0395932050716499 -0.0164339861823408 0.0127432775090736 0.0892816074807964 0.0994027905873523 0.0267770712303476 -0.0163728706483819 0.0428840726016340 0.1218042460887854 0.1018974713705634 0.0122009106349803
-0.0066865679718697 0.0843803755963508 0.1548039989643309 0.0974443865823356 -0.0012975234109417 0.0170481845189393 0.1391018944625151 0.1871094429493432 0.0859174897957653 -0.0094794941659541 0.0614219554281614 0.2109978798851389
0.2186189509938143 0.0678974556887345 -0.0054026032330942 0.1389288248976968 0.3103984730760254 0.2520411593142903 0.0447633726513389 0.0253357961538860 0.2816030244582147 0.4699980170876257 0.2993425944911763 0.0190995790241037
0.1284387050563692 0.6152603793376588 0.8427259348189630 0.4274488819434459 -0.0010655276066270 0.6626434649297290 2.6732395389353747 5.4744688170729354 -0.1901882215318538 0.0298608341012349 0.0760537220214426 0.0069423246159550
-0.0696154560396869 -0.0382784602155353 0.0560748755719678 0.0750211319147067 -0.0062173460820475 -0.0620116659587854 -0.0059272927553030 0.0791592636246940 0.0668406455171512 -0.0215664508173079 -0.0496797728232474 0.0271610176685926
0.0944328371934859 0.0523204223853963 -0.0329566864854601 -0.0298266625965459 0.0589364060906711 0.1005778428451878 0.0339855461233000 -0.0376055414623240 -0.0034772790266217 0.0864505660955604 0.0975243613028970 0.0149029929130113
-0.0339542459047079 0.0270499668268361 0.1070675183155671 0.0863616328651028 -0.0017737114166609 -0.0216204989132436 0.0587379791843822 0.1189214862794329 0.0691781140119870 -0.0132220821022839 -0.0013972344182866 0.0883217997080341
0.1211820622888464 0.0487876378927755 -0.0173173023809431 0.0248587504095571 0.1127204709435607 0.1141666538267907 0.0283678233266154 -0.0129078982049566 0.0544614918146294 0.1294306654218680 0.0993018086138437 0.0110546074786463
0.0000325742672080 0.0842310898816384 0.1368422245787597 0.0789431774677381 -0.0004564951544630 0.0203960760514516 0.1108893359679408 0.1344395017331252 0.0560788236601880 -0.0042525437690550 0.0460733554662400 0.1314667805932515
-0.0010981203127871 -0.0771478762043002 -0.1403890199146443 -0.0939762367515562 -0.0077176519820614 -0.0117739518941010 -0.0988927781291136 -0.1356517470063594 -0.0652876797271485 0.0062190227089492 -0.0286495387320227 -0.1156550015715513
-0.1214177214468487 -0.0361064145968453 0.0118049325964279 -0.0491425203215312 -0.1249365067309048 -0.0991056135275272 -0.0096527573085070 0.0088655187837107 -0.0701638067275309 -0.1251241435756822 -0.0710750786071428 0.0112772095120586
-0.0016360667416127 -0.0885086358838202 -0.1156944568952519 -0.0403328068383019 0.0246596207535567 -0.0177240223763615 -0.1012635723191732 -0.0972829745704110 -0.0101566180364480 0.0294956988997953 -0.0366616177185640 -0.1061783249511837
-0.0716088215771988 0.0163165079598873 0.0259396821541373 -0.0552965618632063 -0.1019556455610770 -0.0412640612973386 0.0364897256573936 0.0152919588592356 -0.0704517974671629 -0.0884234284457540 -0.0093952536940433 0.0486525775532955
-0.0001194654820808 -0.0792951474165192 -0.0665707803156199 0.0206776246875088 0.0522730527383601 -0.0170518525046650 -0.0795562869182123 -0.0384639447167113 0.0458261049205343 0.0484835841646455 -0.0306545233079386 -0.0687950711362852
-0.0072855622901975 0.0629578530341145 0.0471635352543168 0.0061918190057545 -5.5441116151230938 -0.0997043546212482 -1.1667899963776689 -1.4730068929239288 -0.7827583668434349 -0.0892199896776105 -0.0795217797905133 -0.4484157895185620
-0.5412370125341132 -0.2488351069125133 -0.0043648571908651 -0.0886809993786894 -0.2878518447166035 -0.2797784901634328 -0.0910293147951608 0.0056699953904369 -0.0883246801626449 -0.1922000156832808 -0.1452033926947877 -0.0259654573105273
-0.0005609534876773 -0.0755127144891780 -0.1176566649955302 -0.0656203094685757 -0.0013189732861990 -0.0071154641339146 -0.0512097901881203 -0.0572384715502104 -0.0207414829607704 0.0032440826691218 -0.0066861835782050 -0.0188865451004755
-0.0116832983236979 -0.0011443998986663 -0.0002272397579966 0.0038765208182569 0.0162084564541647 0.0169189007042157 0.0003271086916458 -0.0031738385123135 0.0245107675861719 0.0479090220117483 0.0274419485081348 -0.0092423827997277
0.0003656057069580 0.0523990239545803 0.0701254768643678 0.0207386873014023 -0.0226106361039826 0.0136715274007358 0.0825477767585210 0.0778542924113968 -0.0000505062375467 -0.0329194128125319 0.0371419655977481 0.1086096206853959
0.0680587567317309 -0.0297177596946101 -0.0345261153890261 0.0682991530463842 0.1239043300370797 0.0402854041404279 -0.0616298585529387 -0.0238461615447772 -0.0663718793118129 -0.1287793954650306 -0.0438533275088555 0.0527089815772380
0.0171715589029040 -0.0898116219137801 -0.1065876717309080 -0.0155701764231321 0.0415415977090476 -0.0159448887293580 -0.0942344861258416 -0.0769766574702593 0.0025718607006963 0.0237966450997090 -0.0369960092993093 -0.0819172880779046
-0.0467550738864333 0.0097780841910283 0.0059195394035938 -0.0421693547012425 -0.0574015912291751 -0.0216375688546241 0.0081319411479694 -0.0052353514371592 -0.0301600283083433 -0.0266558454656704 -0.0053468839182663 0.0022903674123753
-0.0033149217637652 -0.0021813053126269 0.0039308343720045 0.0010128119949943 -0.0010116835627354 0.0169215191980852 0.0384638689483736 0.0285725261448924 -0.0006873732764318 0.0066372037216046 0.0595805900278004 0.0872462871088280
0.0429821585859905 -0.0053432452884718 0.0356260353968857 0.1287761842063938 0.1397814364151535 0.0450254951448826 -0.0038325064315819 0.1010387580275727 0.2327154802052848 0.1942471388591454 0.0350990312896023 0.0207707771449741
0.2347856481459748 0.3989817603357702 0.2581511153350859 0.0164824595658440 0.1146680292761546 0.5545147508205307 0.7664095794350431 0.3915474688934772 -0.0010405654311744 0.6152905198976467 2.4886321196997661 5.1039378391025725
0.3052564876483194 -0.0620888892025817 -0.1713188926277364 -0.0357771632546085 0.1287106193887267 0.0755133689771123 -0.1132213579422328 -0.1558303700350774 0.0039586406104910 0.1175897498703570 0.0114437111421113 -0.1537457372748773
-0.1319976082315685 0.0359690971825948 0.0908763198921134 -0.0497602483272497 -0.1724355525040359 -0.0967281745394377 0.0549690398220001 0.0507927476254361 -0.0994288565550330 -0.1677629783072941 -0.0575404750322462 0.0577372165371258
0.0053098635808177 -0.1294073142305504 -0.1430165168144152 -0.0228240580088912 0.0453351358308668 -0.0352575862727002 -0.1349875505447130 -0.1053217909560894 0.0008225178711039 0.0233538365717322 -0.0605950724980296 -0.1161823918162684
-0.0639786635696922 0.0105178356739576 0.0010797033782766 -0.0626955876686471 -0.0779294197077666 -0.0282583562876371 0.0082525417798567 -0.0102425871948525 -0.0378240132910351 -0.0292272661593181 -0.0050441129947163 0.0010475499824995
0.0002407106498964 0.0122465748070708 0.0186827105409987 0.0032309316893303 0.0000123072781270 0.0404442172025035 0.0800261638653708 0.0548096374188945 -0.0000864668669645 0.0183837461344504 0.1130749060380411 0.1532672611512271
0.0711611416329161 -0.0056099974105886 0.0688150012825042 0.2141106592102346 -0.0022501821605307 -0.1167509714269110 -0.1937015682826815 -0.1177420937493263 -0.0086847512925972 -0.0124708567710553 -0.0902727520597707 -0.1082219256001510
-0.0448565340391772 0.0035825671265361 -0.0140237100923720 -0.0441966478991661 -0.0343597973565702 -0.0067597053299515 0.0011224693592609 -0.0001154775230653 0.0106221827439617 0.0168471807743757 0.0024266301705812 -0.0027308222089486
0.0295407182903841 0.0617683484335871 0.0401952954825614 -0.0071314313559428 0.0017944997893786 0.0697247825759845 0.0980865499564939 0.0365890039685182 -0.0236210774452727 0.0194484935903977 0.1116239560439835 0.1119460069412844
0.0121641328570579 -0.0362017429117825 0.0496368373545776 0.1452362668245096 0.1006077362588688 -0.0234759246718034 -0.0371454705785123 0.0871818973761484 0.1617888847690444 0.0665320919187821 -0.0595165383586926 -0.0231603878654224
0.1239293896720263 0.1557295425011876 0.0166650832604682 -0.0862250055732927 0.0042644082902714 0.1508131093186206 0.1259578147535549 -0.0390451457041521 -0.0968298048806841 0.0394084243656906 0.1598337797631394 0.0761545955189495
-0.0892854938302841 -0.0885141023269855 0.0729833807382181 0.1444769177703676 0.0147173864683793 -0.1185739012650798 -0.0592639490016037 0.0621665009870547 -5.8517021953899162 -0.1046672872160743 -1.2182179178418615 -1.5225392984267057
-0.7981589242527746 -0.0895264011717473 -0.0774825217297029 -0.4266201321885415 -0.4990457519008337 -0.2211158899642797 -0.0037330872036902 -0.0708296188200191 -0.2166601718091492 -0.1955592768828285 -0.0582319361527694 0.0033490372102285
-0.0431098345302031 -0.0782254719717650 -0.0456720654580988 -0.0055041350443116 0.0001554492994521 0.0038955033955477 0.0239410957268492 0.0250062668891979 0.0007749466257674 0.0062556699932566 0.0596386256732421 0.0889832181676303
0.0429117907332449 -0.0089961133988351 0.0263073471266129 0.1088986145038027 0.1138704643848445 0.0283499845039065 -0.0163301811113913 0.0546703566047369 0.1364203110217178 0.1020268217730475 0.0015433579414036 -0.0126563000942996
0.0784305177045724 0.1320293579382820 0.0656228608367478 -0.0193157299044520 0.0001427638317625 0.0818635425202132 0.0950963730679269 0.0241268743334778 -0.0222986826189425 0.0105218090789352 0.0522802292688468 0.0371229017382367
-0.0000163347878978 -0.0057551996710943 0.0006062879267579 -0.0137613680071023 -0.0185248380399110 0.0124209506399390 0.0196149942891899 -0.0478735342154267 -0.1052986351304454 -0.0401951154911729 0.0707805873090957 0.0318455894037040
0.0856676365878143 0.1467518395636003 0.0429897933874565 -0.0452708381225194 -0.0121575968133369 0.0504521122055670 0.0443808469833867 0.0042174970120282 -0.0052068560477780 -0.0003419677715171 -0.0159767585854269 -0.0245051229409433
0.0015693382807705 0.0152789217502401 -0.0297565304861680 -0.0798423725754163 -0.0537658295096629 0.0137010900533608 0.0093485708557251 -0.0763290550937443 -0.1189007926318849 -0.0510672878011353 0.0228081128020258 -0.0169455724441968
-0.1156646662000438 -0.1245696589215865 -0.0314397278176051 0.0196942974087626 -0.0483593140025144 -0.1291469887099783 -0.1006520271359301 -0.0105562356736550 0.0057704393970509 -0.0656344111016759 -0.1076076913150347 -0.0594847308846814
0.0008981352505261 -0.0076596254077642 -0.0504878567246618 -0.0520234401254419 -0.0167404644446386 0.0009567148389968 -0.0015642094956443 0.0114276086690400 0.0287758399590545 0.0137752013506312 -0.0016031022553882 0.0499989568115566
0.1323549174535051 0.1233751787011397 0.0241887519405531 0.0157653904378445 0.1889214465470578 0.3381580232606624 0.2285805892243305 0.0149737092133816 0.1094791220903071 0.5429434122294132 0.7668411583414418 0.3986084831757422
-0.0011212356560215 0.6430610686198099 2.6175369664993777 5.3860326956386029 0.4635563647412295 -0.0960154699179767 -0.2655365948628973 -0.0571399781371190 0.1948533562281272 0.1140483723096424 -0.1698048853580287 -0.2318099783598031
0.0048355321346266 0.1693068010365582 0.0162495323880195 -0.2146898531060816 -0.1810832029220856 0.0474969976297530 0.1183200971691265 -0.0631220648364756 -0.2124344125613286 -0.1155834466679090 0.0626505673126289 0.0558126112498899
-0.1044929832991188 -0.1677411529726386 -0.0546082564261721 0.0508614736113446 0.0043606236928319 -0.0978514608885722 -0.0982751294314009 -0.0141444657899592 0.0241074399855183 -0.0158382969943260 -0.0486604220855271 -0.0279672391041423
0.0001146616696436 0.0012401338381366 0.0039973788382216 0.0227822923355150 0.0217556476493957 -0.0051469630954552 -0.0007286254121058 0.0552408376983083 0.0875113121249742 0.0400643821008881 -0.0145704781667804 0.0230903399271585
0.1112674616733022 0.1179903228729539 0.0309593142865996 -0.0133533493556120 0.0570463276843295 0.1335088615369285 0.0991315796720834 0.0110813216181741 0.0000270129125143 0.0619383973244115 0.0835657111393696 0.0363215679303541
0.0000444007033385 0.0012354837378261 -0.0199048207073344 -0.0612435905957176 -0.0434699278040671 0.0043418095764580 -0.0677805467299125 -0.2505485924589282 0.0030525637054163 0.1161765990467885 0.1555038111736976 0.0712034870474482
0.0034332818830210 0.0022676592803386 -0.0061100471246988 -0.0369457584017679 -0.0294664716745931 0.0036898761111979 -0.0218867034078005 -0.0982990324380784 -0.1124695684352894 -0.0353916057816749 0.0116642852605618 -0.0529679613156882
-0.1331343821831190 -0.1038936570161085 -0.0097926746477518 0.0079649566183837 -0.0668002958874665 -0.1097460754941314 -0.0567214947756063 0.0079792376862703 -0.0017090321048141 -0.0472713624353125 -0.0488103695594853 -0.0123774659087525
0.0046034235117369 -0.0013207714025138 0.0059118516113338 0.0182468420067919 0.0032221219720376 -0.0129968453759821 0.0224273572290281 0.0775249175350896 0.0615586275667066 -0.0160848474884253 -0.0278975751261436 0.0719269573073254
0.1431964805995493 0.0627313372677737 -0.0593325317392377 -0.0239866852120799 0.1367165328242613 0.1786625404489716 0.0198221312113940 -0.1058795073751527 0.0059456410200539 0.1971214244255442 0.1684880582277661 -0.0533476222753727
-0.1346389100705975 0.0567459827681387 0.2312255693993876 0.1115452613412842 -0.1321796722813634 -0.1317186374845288 0.1116171070806119 0.2207468785655715 0.0225549605600163 -0.1815874821495209 -0.0876953493951684 0.1038919494985393
-5.9106805805944314 -0.1055695715093085 -1.2119233827204388 -1.4881257020183349 -0.7610791886411277 -0.0823977092308065 -0.0695155862007179 -0.3612081076106977 -0.3949061646906359 -0.1602593226307528 -0.0023756540625930 -0.0401802703189444
-0.0968677771174561 -0.0593236337708865 -0.0069895382253251 -0.0004873150629599 0.0188972161948063 0.0737086290036779 0.0818876138635035 0.0197136273074898 0.0003509045061826 0.0893645514270621 0.1684634206524469 0.1118142168287199
0.0026493709986351 0.0165914213265087 0.1404585912708045 0.1843566148340058 0.0791585210054902 -0.0149139392905240 0.0387702626250034 0.1448991093860394 0.1358197624948804 0.0300998301279372 -0.0152555020551643 0.0445343864045796
0.0943979384414962 0.0581456201764049 0.0006888087572885 -0.0039419738919470 0.0155239797967289 0.0083698107378663 -0.0050037324049406 0.0043299465050613 0.0000692847925647 -0.0449492537910140 -0.0703196781603208 -0.0230451077229451
0.0269335379027379 -0.0162090869288452 -0.1017603509001164 -0.0951239337630704 0.0000596424743159 0.0366946816683213 -0.0367888447720569 -0.0942306710022739 -0.0480077090487785 0.0151467143875048 0.0096591547635214 -0.0010452007273138
0.0355015173943405 0.0252537941344661 -0.0621853088712971 -0.0349972032713248 -0.0945015493563527 -0.1289432465474238 -0.0269310489280319 0.0153646046018198 -0.0002283353530833 0.0250205323184438 0.0540961340419527 0.0106916687931294
-0.0363086377813179 0.0160074769317094 0.1040518450639129 0.0902529356118023 -0.0036378002642941 -0.0296017997237338 0.0453407008963016 0.0966013190427525 0.0513725819767473 -0.0101687334180385 -0.0051504078197402 0.0289687588381926
0.0263510362112869 0.0036796908015093 0.0013136641713177 -0.0032900932107381 -0.0373842605975830 -0.0559137607756828 -0.0180855612060159 0.0135698454027534 -0.0392864308455319 -0.1208508250649756 -0.1068537826194344 -0.0125302959620418
0.0076968120117065 -0.0973259755421917 -0.1773615605184796 -0.1091403318096609 0.0022198883892754 -0.0182243680152048 -0.1398347740310972 -0.1747677376591124 -0.0729721720704611 0.0077579305483851 -0.0424021692513845 -0.1239965544210759
-0.1053126711925660 -0.0250165419430503 0.0015123170167188 -0.0222950999576728 -0.0149219797691751 0.0157985391975627 0.0077862070770691 0.0068586143810985 0.1049888595697410 0.2202019388159821 0.1670633844008289 0.0122468397283032
0.0919895253527350 0.4821453203464262 0.7099559217728990 0.3813297812629511 -0.0010067866785986 0.6384585193248418 2.6301451118713342 5.4424460505304832 -0.6342614677619728 0.1299350889799963 0.3569760505751469 0.0751642990065614
-0.2595536756726101 -0.1499039276328372 0.2199941212506659 0.2951908554530853 -0.0065870273069476 -0.2075216404298364 -0.0194009046912717 0.2488512901722498 0.2028315777207178 -0.0515519894103034 -0.1223939525166491 0.0620604391150557
0.1969665050322637 0.1000145150214417 -0.0501587091858221 -0.0404852757395219 0.0671983388673878 0.0925260107139775 0.0245399475930121 -0.0168577202924711 -0.0008617583519361 0.0039799925525924 -0.0144645329172840 -0.0052434174501662
0.0165854342439031 -0.0174471564963100 -0.0839438900756597 -0.0785390926980875 0.0007448324792693 0.0229271679718559 -0.0660987427254108 -0.1386052103737833 -0.0823277314877721 0.0144314393127364 0.0015590516230498 -0.0942142176117023
-0.1203839809234326 -0.0442417830634438 0.0128928388042869 -0.0155482608345076 -0.0535771610081140 -0.0353788769516803 -0.0038450759543316 -0.0007081977647039 0.0131104594140244 0.0551494701661401 0.0601677287760675 0.0089190157837734
0.0000290587077620 0.0850911355738523 0.1487391721563500 0.0883100460108473 0.0000045390934103 0.0194792210296046 0.0854528223299407 0.0648727565493989 0.0042832156651476 0.0018755349718274 -0.0527253346109749 -0.2643773936002223
0.0028973063381771 0.0896780393534378 0.0651424430983987 -0.0070057122967196 -0.0036591482746927 -0.0095363749519264 -0.0960350636320169 -0.1455063229633899 -0.0720151422325660 0.0066208466919591 -0.0297470730862732 -0.1049841578833124
-0.0926518292509314 -0.0216066808798037 0.0048928333306372 -0.0120223482377900 -0.0068315654945730 0.0128370104719386 0.0029407827928046 -0.0038870712351997 0.0448030669300829 0.0963956490007361 0.0629633190000434 -0.0110195358880051
0.0026845973263438 0.1006592956579437 0.1344934047614506 0.0470928082029224 -0.0281874107474257 0.0211929264335897 0.1095337055544823 0.0969685127414216 0.0090776918784877 -0.0225477409980614 0.0244872887242506 0.0529734202395991
0.0235281140829917 -0.0023986216016355 0.0010440962533073 -0.0143211619378725 -0.0475931606958225 -0.0281554912842219 0.0327292797332779 0.0154572763583724 -0.0990843267829023 -0.1427754653873976 -0.0171775663071663 0.0982838510239617
-0.0056462617971519 -0.2035944594237494 -0.1819007030926073 0.0598572684720437 0.1563489963265720 -0.0673397585373785 -0.2828220787706444 -0.1395745413685364 0.1686838026187786 0.1712505879370012 -0.1458855720645759 -0.2928253890591165
-0.0302204524920791 0.2454446203968140 0.1210837203409194 -0.1362423009522181 -5.9336589613358202 -0.1050310013616883 -1.1887323950615960 -1.4251981300323875 -0.7043067514461402 -0.0727820008908118 -0.0571095444743277 -0.2708523282790712
-0.2579598282973735 -0.0837175003906503 -0.0008018176664777 -0.0021562145588892 0.0424190920462440 0.0912849627491806 0.0465544593565092 -0.0039931920958340 0.0787250823192482 0.2085327080780780 0.1854851302530128 0.0380922084224921
0.0009101218108992 0.1380285112240695 0.2348093822019715 0.1411613676409771 0.0030216225027010 0.0172416040530704 0.1289021253305897 0.1481889554695063 0.0544408066937582 -0.0084496482736871 0.0171285672534604 0.0439770380168143
0.0207594513080404 -0.0004823495848043 0.0032300048938879 -0.0195582123114568 -0.0687665715665924 -0.0646795547546788 -0.0011537879905123 0.0106546440311285 -0.0727136235702894 -0.1305410512998182 -0.0676467686255840 0.0202916927478703
-0.0003380594402491 -0.0836185607734969 -0.0909313806922607 -0.0205414343536085 0.0154672878693495 -0.0050811431418132 -0.0069907869928448 0.0148893835658802 -0.0000224235084007 -0.0219751637707665 0.0308527128257932 0.1047186654021968
0.0700982366871625 -0.0303435851031602 -0.0320950915714795 0.0486892904062334 0.0492330354260173 -0.0022988476784795 0.0411501127277268 0.0353380719629988 0.0960669400510862 0.0854912823644269 0.0024496460288493 0.0211059079538537
0.0123452914317200 -0.0825453444596656 -0.1082501648234095 -0.0155854674951932 0.0403431959824070 -0.0134125743145554 -0.0623628135466949 -0.0339484549519957 0.0005775184757005 -0.0020134950508197 0.0139775778408088 0.0557294729919122
0.0460300605021837 -0.0129195358509222 -0.0095091019520774 0.0800992599195411 0.1252457338830247 0.0528223050168984 -0.0224675541247225 0.0156811914598262 0.0977793556186287 0.0931743543533710 0.0199313396364165 -0.0099372287408174
0.0173437274995792 0.0253509232032727 0.0016445334639571 -0.0019496305275485 0.0023301374812589 -0.0428475218040991 -0.1007276859102769 -0.0751985179835063 0.0016992588902221 -0.0166806626191481 -0.1438585116277121 -0.2000057171770857
-0.0924961985469656 0.0106604484531480 -0.0651291167224795 -0.2125958661798209 -0.2049670464887958 -0.0574616344519339 0.0041652003620631 -0.0901788174776276 -0.1629304566286407 -0.0991683935431319 -0.0113826043956019 -0.0030877000045571
0.0054226333331928 0.0739198016046727 0.0870165756084482 0.0079006624721397 0.0691854947770364 0.3977124846250997 0.6256309837463359 0.3524275754558912 -0.0009981448325816 0.6267392270740549 2.6206459830084086 5.4627572154873949
-0.7998099683321860 0.1639598781545717 0.4483396825711727 0.0941509414186629 -0.3187662953429747 -0.1815456195222753 0.2616634927696576 0.3434965577262857 -0.0072557234707086 -0.2275722768817977 -0.0204957440072519 0.2514279487662010
0.1943001913921892 -0.0461810769887668 -0.1013697657453844 0.0464752599526219 0.1292564524438044 0.0546822747187679 -0.0206561161134021 -0.0099628582152560 0.0019505759241575 -0.0252269789179078 -0.0179219951783717 0.0267439636218926
0.0031931624665557 -0.0938480647702316 -0.1191002136817320 -0.0210880133670929 0.0448662035098493 -0.0365533936160925 -0.1430575849996622 -0.1113601417956869 0.0007775614782613 0.0225560252184613 -0.0530487890728024 -0.0873389152875961
-0.0379306331213722 0.0041090883114771 0.0001664256427192 0.0082733648378397 0.0368255354796814 0.0248257585456782 -0.0113938449301009 0.0204746464741691 0.1068384522386855 0.1181347736744105 0.0311470100700238 -0.0133467704504747
0.0537339111825122 0.1135450224682570 0.0711033491494836 0.0058563815300249 0.0000077671716062 -0.0035877293929016 -0.0469624620123506 -0.0508188317742931 -0.0000077386167466 -0.0222666814744509 -0.1326651174319305 -0.1539799036481864
-0.0495587313264633 0.0012767698994579 0.0274453669071940 0.2603514612657814 -0.0028878278455589 -0.0467092343711808 0.0448734190941393 0.0816607101449585 0.0086888865541579 0.0148060069088839 0.1097949384789349 0.1224288970525808
0.0414440585609264 -0.0020927272803733 0.0012262371403523 -0.0281764983524984 -0.0602773928013511 -0.0254784227196428 0.0100116391183108 -0.0495895741694545 -0.1322145661214147 -0.1054318915922260 -0.0098453395756175 0.0078202698431474
-0.0588943710722631 -0.0849523183591868 -0.0354075930221633 0.0033791070310849 -0.0001963904223794 0.0108247103658576 0.0386813487061481 0.0216530950698531 -0.0177311561365492 0.0170898584851026 0.1079356167065040 0.1148891349716865
0.0128504227085017 -0.0383224195961288 0.0515341170533269 0.1438583950114561 0.0927125931944941 -0.0195411348889119 -0.0269209273547778 0.0524341453060385 0.0749102197676506 0.0207695415751554 -0.0089824303957190 0.0003652454854190
-0.0244788721936577 -0.0589675492138450 -0.0093802175845382 0.0644589127269532 -0.0042844926312626 -0.1687099656552316 -0.1632379719444593 0.0573089840000836 0.1578861827269433 -0.0712619250228586 -0.3103500965329739 -0.1580617675119290
0.1961452499386066 0.2034517817973133 -0.1770207370157425 -0.3601786063126081 -0.0375873948445996 0.3076241653407728 0.1516247090193978 -0.1746806974343551 -5.9489902627746698 -0.1041253687132021 -1.1565978659257847 -1.3426561398533379
-0.6318859237242420 -0.0607380348351066 -0.0421937032431065 -0.1641185741568992 -0.1004634455266173 0.0016009745491101 0.0008988281370461 0.0365184002303945 0.1772006024476451 0.2280667251180174 0.0915504758077460 -0.0067131505780233
0.1182628528745318 0.2830733053313204 0.2290242954855696 0.0427727140780106 0.0008956759634394 0.1250762522658582 0.1865627742203652 0.0953607351665463 0.0016486900763680 0.0068012590373998 0.0291666531512337 0.0028457094676511
-0.0134069783556225 0.0051895594576782 -0.0202833800952602 -0.1003612457584375 -0.1167340880437374 -0.0308458368566216 0.0182046724163625 -0.0601737803517963 -0.1443279878625805 -0.1002600177346646 -0.0013534387209155 0.0093973807162302
-0.0455423988040858 -0.0520035284988078 -0.0120809366430761 -0.0008893263541438 0.0000996671067365 0.0458004256102833 0.0793279811082317 0.0269603360964683 -0.0313144485818361 0.0182270113584858 0.1052218440469414 0.0865795289622112
-0.0000444166897098 -0.0194773704026376 0.0093076596440672 -0.0103232609564937 -0.0296874383237087 0.0218815969938796 0.0331768121119237 -0.0694413026618761 -0.1124061936750344 -0.0212080590323955 -0.0127617052124252 -0.0340221887809836
-0.0919176899559764 -0.0265009235167313 0.0226986976991330 -0.0483314073896933 -0.0176548461040625 0.0850689304844292 0.0779816267253427 0.0065836125269548 -0.0039646033776898 -0.0040679477129285 -0.0551691915278338 -0.0672117287375470
0.0032781263947120 0.0305753359756476 -0.0506937216024880 -0.1125880029668066 -0.0603221357108668 0.0113050691971097 0.0052116290830681 -0.0225003894614224 -0.0055360501630549 0.0093881248003872 -0.0089831092832462 0.0098395234395836
0.0858599530924657 0.1092321813990405 0.0308833134298166 -0.0208501497832616 0.0532966515466448 0.1436301250293603 0.1093753446522081 0.0107416797739211 -0.0053310872634004 0.0508615250320201 0.0618385010472577 0.0185494461261221
0.0000613128224928 -0.0037904048461201 -0.0572448973594631 -0.1089353356930244 -0.0624089892941269 0.0084933075427922 -0.0590632390523172 -0.2157403295780811 -0.2301068730178280 -0.0709681275417313 0.0056490278527720 -0.1353597208489367
-0.2750781188192650 -0.1953330468643489 -0.0286245079652885 -0.0127760697825258 -0.0965363603257191 -0.0825895436623520 -0.0018084355325695 0.0030095607963975 0.0420736273548757 0.2951016024242736 0.5209614308786301 0.3158716613634272
-0.0009621023982501 0.6101723072064236 2.6021088986818448 5.4757847645029587 0.9571909721993206 -0.1981543473912570 -0.5470817597665338 -0.1296262399916786 0.3599968392255116 0.2062499565128146 -0.2940469670976738 -0.3822869217915711
-0.0044638467233276 0.2219388089992267 0.0192744261866769 -0.2230928740559226 -0.1611720066339324 0.0280914137710973 0.0581543168440448 -0.0197776560033017 -0.0268525788137495 0.0077504041842778 -0.0149260458173882 -0.0241756027634768
0.0646856725435457 0.1346364846938564 0.0557737695474568 -0.0537666896058977 -0.0053565836309614 0.1334370613395755 0.1459861393629485 0.0248797004535880 -0.0366534820176050 0.0246570650484095 0.0735146698036171 0.0378382995083239
0.0003041950070397 0.0023756121762898 -0.0213993225084284 -0.0719384518585447 -0.0578668630626057 0.0101503427087661 0.0014444896400441 -0.0984718563827326 -0.1375878328929622 -0.0551577854648188 0.0145843829960431 -0.0186270814106075
-0.0618105198393639 -0.0344738110933398 -0.0006711776304159 -0.0031564233776972 0.0283794541612620 0.0993771770265701 0.0966612331545951 0.0142986460228968 0.0000332060005734 0.0816193338100584 0.1072469639060348 0.0382217449681320
0.0001003882165469 -0.0076902801066359 -0.0923171013919055 -0.1612995439991750 -0.0765401769754816 0.0033978741744116 -0.0025238821451708 0.2423785955492367 -0.0011423485895710 0.0043164030252172 0.1406357999788885 0.1228309912790836
0.0093239339738828 0.0092188118000770 0.0382614418482886 -0.0087923667782419 -0.0306509094191110 0.0049604442205083 -0.0271223641193102 -0.1228904818565953 -0.1280970650180880 -0.0344690165691039 0.0094083660663802 -0.0253895272572457
-0.0324031743629472 0.0019923901301718 0.0028765102063570 -0.0052601889464115 0.0528965529078506 0.1168741917277003 0.0752612672067910 -0.0127588131548110 0.0007218599957181 0.0929945748071967 0.1101203853238962 0.0322570988218623
-0.0150015919920081 0.0060482831402473 0.0113328931724561 -0.0148466570635392 -0.0042941263701986 0.0204705868906685 -0.0329129033180643 -0.1200896327987064 -0.0942504170236904 0.0238151325365452 0.0409585292570421 -0.0853209678464769
-0.1565419543781875 -0.0600430809221164 0.0479271992398655 0.0175247188418012 -0.0579909629189981 -0.0449459199014124 -0.0013001774025159 -0.0134958927906263 0.0000991322397563 0.0964724881305068 0.1146955409709715 -0.0463142003332254
-0.1435724255567345 0.0589472946898945 0.3047053239099911 0.1649792633277119 -0.2152012215562449 -0.2381548809114855 0.1892754321562131 0.4143829193656987 0.0445162485829044 -0.3736138708920781 -0.1963204849450378 0.2018262389418296
