10.6436857542896080 -0.7347290691048535 -1.2230015444921787 -0.1870525511216680 0.5086167043102925 0.2457905396817215 -0.3134435618877561 -0.3758241143368071 0.0087298742895020 0.2270341857608384 0.0201302321323790 -0.2488098638155690
-0.1978390108787687 0.0514265485001120 0.1207318661596932 -0.0624734217652051 -0.2056424372395336 -0.1095825701205615 0.0612125453721601 0.0539947009678409 -0.1020569443546036 -0.1668046158565558 -0.0549353420171391 0.0557592850397804
0.0049921272184729 -0.1194880975920132 -0.1299496348941818 -0.0196270925354276 0.0415138813725941 -0.0320200917217282 -0.1225261956327989 -0.0956317226721964 0.0017633483956060 0.0223459259661138 -0.0588512241579438 -0.1154980389113178
-0.0651020919172732 0.0121915231782870 0.0012434560192484 -0.0762964774278157 -0.1016323257686491 -0.0395887133892879 0.0139336494944102 -0.0193112703916166 -0.0850843851137085 -0.0837126445254829 -0.0199741330799142 0.0091435204271241
-0.0373098352905824 -0.0862070263052340 -0.0642163668857443 -0.0066425672705201 -0.0000204745585553 -0.0512731337377975 -0.0809937825965504 -0.0452769901648873 0.0005673444161518 -0.0114433478937327 -0.0603051382924174 -0.0710554195129324
-0.0285963642918388 0.0023295280088405 -0.0231712754185031 -0.0641088665849851 -0.0002658889898755 -0.0378451752411513 -0.0711646340997348 -0.0490266588532107 -0.0041700097726461 -0.0059931589226262 -0.0543669434503582 -0.0768474762082703
-0.0380506191928250 0.0037635838916657 -0.0169365421532083 -0.0714507335918465 -0.0771956417765449 -0.0236198353887525 0.0080583899097143 -0.0331329008662644 -0.0871884226366232 -0.0711563857962102 -0.0071347061113665 0.0069275291774190
-0.0540324289222902 -0.0994099824176943 -0.0581281436581079 0.0095021382900277 -0.0012348349928122 -0.0784894848680404 -0.1058018765548076 -0.0380179808453971 0.0239653607803420 -0.0177773796285184 -0.1048036351731148 -0.1039736464260038
-0.0112129556179038 0.0335618335349997 -0.0438382366521755 -0.1307912074542031 -0.0913761047001075 0.0215755467577670 0.0351587046666241 -0.0806440530892130 -0.1538361633717929 -0.0648434031754454 0.0596934523805459 0.0247192794259263
-0.1304178160655302 -0.1707796929833293 -0.0190686246713006 0.1034834301851698 -0.0044363756620930 -0.1991846204561583 -0.1771469567706137 0.0587764244413927 0.1572634692908057 -0.0687183700614417 -0.3080146192336014 -0.1630229593151341
0.2153087906220076 0.2446288810127294 -0.2387338347500734 -0.5738093345019178 -0.0748103998096091 0.8385822858842965 0.6756788854362413 -2.3593541999666630 -0.0068264084679126 -0.0096974709174756 -0.0960850039692817 -0.1565367173906662
-0.1031294759995325 -0.0132423581283964 -0.0182147064272669 -0.1078715744496037 -0.1458618418802055 -0.0745682256758952 -0.0013588030086434 -0.0359998480404784 -0.1248720705219585 -0.1325356246432618 -0.0468887775790623 0.0028171801434593
-0.0578893360429715 -0.1359202725292210 -0.1120535291501155 -0.0218002826742331 -0.0013255886050723 -0.0807032149120405 -0.1383779555059316 -0.0858232505847898 -0.0019176164601774 -0.0130579709646067 -0.1011868237150973 -0.1312919544399673
-0.0565235832170082 0.0106746357278628 -0.0305727513230104 -0.1163266225495634 -0.1150063844839681 -0.0273189320072623 0.0148257411749091 -0.0512416913687710 -0.1237170544687599 -0.0910192951485360 -0.0013614279847579 0.0104966457814259
-0.0719576484668024 -0.1218637483235916 -0.0617667042643972 0.0186357944554857 -0.0012262387372762 -0.0895328834493401 -0.1103754388838250 -0.0303087090104999 0.0307495033773079 -0.0182664107366942 -0.1011061966764841 -0.0900184987366514
0.0000553393875831 0.0340901426492674 -0.0378198729686900 -0.1045084235804505 -0.0626269301848704 0.0261980458150551 0.0289123796469255 -0.0567099265587507 -0.0985407481117138 -0.0308793403388604 0.0455514423305763 0.0165807830105510
-0.0477491188045203 -0.0959430030951084 -0.0342542869979404 0.0413956775892004 0.0140720447675707 -0.0765619143542807 -0.0947447330870334 -0.0149484459190391 0.0395329223979135 -0.0159342494584810 -0.0988479454859716 -0.0851220488056114
0.0023954615692381 0.0288371098583873 -0.0476876898304551 -0.1125970102640644 -0.0690798268714886 0.0148873232385283 0.0100043041019637 -0.0778828775808964 -0.1168328487221704 -0.0493698203431430 0.0203101923082382 -0.0151999646702362
-0.1033748003418047 -0.1117280660940107 -0.0291381460089794 0.0174047028787778 -0.0441568428289789 -0.1215678942187464 -0.0985753561858922 -0.0115218116329965 0.0060352576867810 -0.0737171162826308 -0.1307372246151180 -0.0796180205183341
0.0007562998600497 -0.0127814849166425 -0.1005896730844439 -0.1302414608014938 -0.0577604071745883 0.0057463147066516 -0.0369844212718290 -0.1217436506199072 -0.1206014738823749 -0.0361934745461506 0.0025495720487280 -0.0636809475065005
-0.1347631599398910 -0.1034377962930267 -0.0179785153198203 -0.0084754975042462 -0.0893621912341239 -0.1380624533925607 -0.0812914950590141 -0.0056192251307044 -0.0253459243259839 -0.1095844362267791 -0.1305719193201591 -0.0575039684502857
-0.0004240966545656 -0.0400957164802348 -0.1066197797472274 -0.0928496872629068 9.9231359925910141 -0.6839648336214651 -1.1354475980220187 -0.1739221063495494 0.4657331816044996 0.2234989222414925 -0.2824473368398303 -0.3353319401115265
0.0065773750891804 0.1956881931855718 0.0170840240061663 -0.2073720029305945 -0.1619370167385362 0.0399410143571778 0.0929882318408974 -0.0468201560693018 -0.1494684987480210 -0.0774021386236488 0.0404018237820009 0.0344983850240418
-0.0622543755791094 -0.0966548307304393 -0.0304690507916948 0.0278035116439402 0.0023258263134667 -0.0511421672173550 -0.0505054626623007 -0.0071605565075656 0.0121381864434710 -0.0079476574676136 -0.0245428870265369 -0.0144136566161894
-0.0000059096818209 0.0008564912824350 0.0010579292205512 0.0089306748207170 0.0090960668145400 -0.0024039797672085 -0.0003331125162813 0.0257567981150574 0.0417108107616550 0.0194430828459998 -0.0075515826022980 0.0122045672175951
0.0610013457410471 0.0674929418434506 0.0183884844836567 -0.0087132807944703 0.0395975353000553 0.1003606745992271 0.0818536539464904 0.0099362496156113 0.0000294096737284 0.0802566113953499 0.1368612911472959 0.0828299900125922
-0.0001847866951692 0.0229203603255188 0.1300169597453588 0.1639584791895704 0.0712438269248905 -0.0053668242782858 0.0617916846514328 0.1826583655162955 0.0018157920362745 0.1044847655056476 0.1832383657682683 0.1182326506642213
0.0093178370993452 0.0142261759944075 0.1122701545835950 0.1474866268975078 0.0678967688952220 -0.0061380115616738 0.0277909753818209 0.1056272171571357 0.1050619586931140 0.0295049308146109 -0.0089695146965866 0.0362255369159891
0.0855403293571531 0.0629982189090133 0.0056559013056782 -0.0045916531435981 0.0348532624159471 0.0556211375093731 0.0279573129890530 -0.0038472754639280 0.0006075015405160 0.0212852915505472 0.0215127182620296 0.0052851363446283
-0.0018629079037626 0.0002389655253162 -0.0042623807146485 -0.0098990203480431 -0.0016522781538242 0.0065328718806745 -0.0112720491179372 -0.0390285964504326 -0.0312555929666676 0.0082749824833581 0.0146251460902174 -0.0382742624075510
-0.0780765836942450 -0.0351320423341973 0.0342477688159074 0.0144151924005183 -0.0843094939548715 -0.1147754171443432 -0.0133088604064060 0.0746304001945481 -0.0042008167609366 -0.1546177839881693 -0.1408221664890184 0.0477923346410564
0.1302746885634711 -0.0593524815128607 -0.2668293622666476 -0.1431740314229083 0.1914533694019776 0.2194937592373870 -0.2181855812419393 -0.5267763307237482 -0.0690743192970431 0.7777190947691274 0.6280875545575115 -2.2003739228688706
0.1591965840353757 0.0096593810178365 0.1780777098696566 0.3139792221334956 0.2147844602615313 0.0299216042817362 0.0321382239674717 0.2091784948226720 0.2879325197176248 0.1490930982194808 0.0029084680809065 0.0659542403939161
0.2351987194158870 0.2502718253743247 0.0888074820968358 -0.0059852652095270 0.1020729951124255 0.2406888014990319 0.1970303498478532 0.0381759806618149 0.0009622483754720 0.1312488602110604 0.2228314961952610 0.1359898951696844
0.0030056232456330 0.0181220221306150 0.1453083110730672 0.1842664032813266 0.0772018537503641 -0.0143121400033085 0.0371558103449111 0.1391248895416967 0.1322154913092616 0.0300647406120524 -0.0158715356922406 0.0488502985565436
0.1121076569874182 0.0770956308183700 0.0010703378033045 -0.0079986343107216 0.0453709070454235 0.0688493395035475 0.0304610730469714 -0.0078231472047611 0.0000586448330360 0.0224537383360982 0.0187401559682187 0.0025717363286196
0.0000838486694787 -0.0017430590516360 -0.0189192769657756 -0.0254636333802776 0.0000211330413249 0.0166059990614225 -0.0216637590920527 -0.0717448174117630 -0.0499347287565128 0.0238903709249753 0.0301735433606939 -0.0636125382754755
-0.1233683481630038 -0.0425792579666553 0.0688412868164542 0.0282917684577088 -0.0778130967708526 -0.1434567524566934 -0.0460625048293516 0.0526841397656701 0.0160544773550847 -0.0781187072099411 -0.0855138831240859 -0.0113173867396245
0.0274959560891428 -0.0093240349317275 -0.0474901113960356 -0.0322123663756124 0.0008160039018360 0.0054288660237458 -0.0045115865758504 -0.0004872000413951 0.0056558754166559 -0.0027268097665386 -0.0025657331481660 0.0261591501099204
0.0482036943196267 0.0237472401415731 -0.0118638620504886 0.0097871599971167 0.0734461232456045 0.0864738945403188 0.0238012238314281 -0.0161698098964397 0.0431881731363231 0.1255311528327005 0.1067087766083438 0.0122151397657300
-0.0073831197531268 0.0930416937472462 0.1705964357506522 0.1066613137161264 -0.0020900608368530 0.0187901101331274 0.1507451599680782 0.1991629644382928 0.0892218394791158 -0.0100715761323153 0.0618283070272016 0.2056592734717917
0.2057826441391281 0.0612156908823949 -0.0047860041222928 0.1165511246564448 0.2473083652350197 0.1898053409522618 0.0315201569963491 0.0169214814014378 0.1740451353384994 0.2672215492717701 0.1550720252782478 0.0088902148193251
0.0532542739459625 0.2222275244261324 0.2588705244455158 0.1080950758015021 -0.0001617916857390 0.0927099561492763 0.2256816917240462 0.1564400757149615 10.4714681031072900 -0.7193717619539677 -1.1865680490425166 -0.1807564761971541
0.4739999425994351 0.2235984376505633 -0.2765143090726780 -0.3200029824558517 0.0052193508815053 0.1731919950396457 0.0144761495749433 -0.1668086288124598 -0.1227254783370239 0.0272430853071143 0.0590183673702506 -0.0266157802077665
-0.0739029337717119 -0.0321534695336029 0.0122322768262455 0.0070856152645567 -0.0055033554522100 0.0043034020308007 0.0057510962185218 -0.0108854409811533 -0.0013880356920978 0.0433604916085171 0.0583410820446678 0.0108156603248910
-0.0252980378070584 0.0222427967114149 0.0952342056984121 0.0823332681855436 -0.0007508346760423 -0.0220291344341676 0.0623403187285819 0.1300905179799973 0.0779112498035837 -0.0138738842977272 -0.0015552099667427 0.0987283166941751
0.1349148039436343 0.0542921087587118 -0.0177345777577114 0.0252627535125368 0.1103627187434988 0.1064984093102824 0.0254407055918659 -0.0099911695783371 0.0385677408014304 0.0806730430693121 0.0524810292979151 0.0049953729129925
0.0000093360552274 0.0135890262961391 0.0029156780151817 -0.0103972091429805 0.0000408248200245 -0.0095387085110703 -0.0730150556106253 -0.1160342305324492 -0.0610748653171332 0.0051888588067875 -0.0703588080970370 -0.2356514511960572
-0.0027302409187207 -0.1201166425024844 -0.1829063745026278 -0.1005276453554132 -0.0065437158883741 -0.0081409689687450 -0.0469422438184061 -0.0401463337752121 -0.0085970245758119 -0.0001085939169728 0.0049098144150436 0.0342022612930926
0.0501314774273636 0.0187078047785990 -0.0070350839400555 0.0358228835037811 0.0995800575356113 0.0854765388672305 0.0088465986729153 -0.0079483696480428 0.0729494420610224 0.1330781544202360 0.0770866471934209 -0.0123305383265231
0.0028959733726606 0.1005509807139824 0.1298117845296511 0.0445258438675799 -0.0264379485694887 0.0200117048997392 0.1052544065512080 0.0964096930849923 0.0095204664840596 -0.0256069883532254 0.0311612545460233 0.0807075788163127
0.0485725758368460 -0.0096297965512626 -0.0126632392604985 0.0224091240290700 0.0297159195520285 0.0071353396241545 -0.0017386151664870 0.0008497941332912 -0.0179597594372070 -0.0361410928768943 -0.0054211600721914 0.0364961703588864
-0.0030057363779002 -0.0990008950881653 -0.0984671781445841 0.0359858460493485 0.1041942843815715 -0.0510779910043126 -0.2371893116454485 -0.1320361513900555 0.1821871546958733 0.2141374056502613 -0.2191611746016160 -0.5372065845151730
-0.0714017598102094 0.8120650787150530 0.6598687059661249 -2.3225624637430218 0.2612574146164867 0.0138676996723764 0.2723869660968427 0.4809476913619291 0.3279845522400235 0.0456127346580477 0.0476895391485409 0.3095564127137290
0.4216419090307638 0.2156045583406318 0.0041645102670260 0.0916136924333301 0.3212779740325951 0.3347138069327217 0.1160291465630615 -0.0077016609636878 0.1252686825957758 0.2862304980081091 0.2260028766234628 0.0420922898212602
0.0008406144175980 0.1307919911289737 0.2100653920107301 0.1203374994762433 0.0024776346307643 0.0135422209475926 0.0995306065521124 0.1127282442168647 0.0411997430780469 -0.0064571682174628 0.0133189736218602 0.0368453096314883
0.0215487078497857 0.0015926306773920 0.0010657523730655 -0.0095058626895761 -0.0379126110240969 -0.0383558089092626 -0.0007253099686500 0.0071581812546685 -0.0507321016189188 -0.0971372829291555 -0.0541118268634718 0.0176831294081980
-0.0000737127565414 -0.0906076587358196 -0.1155824093994747 -0.0322561690877197 0.0329730212107062 -0.0174708723630487 -0.0989199275558773 -0.0832978640606816 0.0000469655803169 0.0257952616343164 -0.0221951760140164 -0.0470969327856309
-0.0170395586636181 0.0016160972047783 -0.0054191680768173 0.0250803007698259 0.0745610971403056 0.0341660228897826 -0.0684310554302462 -0.0342763499647864 0.0910986699035643 0.1414216568443882 0.0362244908679782 -0.0322571081657928
-0.0064189666585614 0.0137588485515181 -0.0057514263777312 -0.0037017035486957 0.0182478437110771 -0.0097416951057431 -0.0727710139498751 -0.0708350070681021 0.0033515191291825 0.0288548117263069 -0.0492429774081773 -0.1180945815177990
-0.0718633823841219 0.0166859369877965 0.0103582236062897 -0.0769597878716236 -0.1086889347731250 -0.0419984169520271 0.0168479000750632 -0.0109935370666313 -0.0647262445882817 -0.0583783701377340 -0.0117306725679591 0.0055050964379741
-0.0084717267696719 -0.0082850130554273 0.0056648384863845 0.0019744134058101 -0.0019613376850494 0.0335452146115817 0.0766481024108522 0.0567485161047637 -0.0013764521400983 0.0129166165320060 0.1140056303290314 0.1635927505754454
0.0786660504205722 -0.0096005287050993 0.0618383877920239 0.2161702745569278 0.2261756488234386 0.0698905429481663 -0.0057283493378075 0.1436224427764299 0.3137717033592012 0.2472033136040307 0.0418444482583766 0.0232363542179826
0.2430948412976738 0.3795230636447028 0.2233867630509871 0.0127639891388594 0.0792856988552481 0.3333940371956308 0.3911168802309928 0.1638519838065854 -0.0003561126389729 0.1439221524249617 0.3494048952127815 0.2385422748457423
10.5813841277942910 -0.7228777673784593 -1.1783247906484582 -0.1747476298479611 0.4537083672483431 0.2070617545467124 -0.2456235494131337 -0.2691635295614918 0.0056321255393567 0.1267199968906999 0.0094322696607045 -0.0927842987495105
-0.0536593138843779 0.0091421889074585 0.0076055109635432 0.0029894368132339 0.0329206377769930 0.0303236560135129 -0.0223230292441828 -0.0259758862394037 0.0599242977179893 0.1149862229905427 0.0439953610630662 -0.0471608941709547
-0.0046582410011887 0.1200187657104309 0.1386616917787882 0.0230741460516032 -0.0463721201343617 0.0366522304711031 0.1411933909012459 0.1097826032077589 -0.0008238886381289 -0.0233861648150293 0.0583383303507183 0.1056961557989613
0.0537239671673700 -0.0080369134035403 -0.0006984690457012 0.0319255116514594 0.0262250427930700 0.0032057303246787 0.0012495774147131 -0.0055937285876132 -0.0418726780145684 -0.0586575535659517 -0.0188550231928549 0.0095472425707334
-0.0466678190062698 -0.1229415230656955 -0.1017266298803209 -0.0125122708249377 -0.0000344382667685 -0.0885822049030304 -0.1373472094062421 -0.0723242467013050 -0.0000040477569010 -0.0116261086663452 -0.0362171278131771 -0.0021942926377387
0.0207041033749435 -0.0032430164738614 0.0618212531307692 0.2599650594356270 0.0029638578083247 0.1055289495966929 0.1149245293313359 0.0339034118399082 -0.0001390515265588 -0.0039908163224418 -0.0572461387902953 -0.1040649891104231
-0.0589352710866448 0.0061016787991521 -0.0310798657048920 -0.1248011258772401 -0.1284177501616594 -0.0363994669952367 0.0107863034802275 -0.0432519826343916 -0.0951134358185966 -0.0632100666629176 -0.0048592320985558 0.0029302955976961
-0.0163839603148685 -0.0101692107829422 0.0048732009254179 -0.0024340390875560 0.0007622545100799 0.0448437665955292 0.0739631520207817 0.0308043257179509 -0.0215253099492408 0.0186738817432076 0.1117521317347453 0.1149995540760582
0.0126697382637091 -0.0377995765205548 0.0517659429561098 0.1489403172046042 0.1006702352305897 -0.0226987187367034 -0.0341954482765618 0.0769294520054094 0.1330666942783019 0.0503138755372082 -0.0405548623194553 -0.0134842268907622
0.0640934727067784 0.0647663483960097 0.0051083181057416 -0.0160369849614118 0.0008833007685243 -0.0117812201289309 -0.0298242714326135 0.0160695691102159 0.0588829698639898 -0.0319901933704787 -0.1717656188957101 -0.1044422813534580
0.1541807522436434 0.1916081090530065 -0.2012807148979578 -0.5121223721752236 -0.0697787202919999 0.8077375348557552 0.6645333391577377 -2.3457523528898356 -0.3453194330655077 -0.0194186797345133 -0.3683741337583705 -0.6445452461633625
-0.4351890920949271 -0.0597030900313385 -0.0620818637235618 -0.3951124228291885 -0.5276479443913671 -0.2637600543759339 -0.0049540822466013 -0.1064330770129298 -0.3605171291449362 -0.3613871637224554 -0.1198586570160308 0.0075315105886655
-0.1163055479304824 -0.2480583895077207 -0.1806162798725063 -0.0305097307699893 -0.0005559011894601 -0.0721484990296187 -0.0942798144611011 -0.0399908838338303 -0.0004926489791720 -0.0004741509324126 0.0148619069044214 0.0431022084109417
0.0281637035554337 -0.0070660984542785 0.0231554686589303 0.1038304092454719 0.1145294257116421 0.0295028460066884 -0.0173021797305432 0.0582976724794478 0.1442928304674637 0.1057122656525355 0.0015452431035019 -0.0120093262776770
0.0701108399025943 0.1078503936785027 0.0475389646676465 -0.0118664306261141 0.0001103938660174 0.0272154371043104 0.0142792291218193 -0.0016575341156753 0.0075007153780153 -0.0074163184947675 -0.0604271528582900 -0.0686418995916985
0.0000501810747011 0.0351527318689591 -0.0399493392769324 -0.1151506148313736 -0.0671257188712940 0.0254073262148889 0.0229691525239056 -0.0267713805355088 -0.0073354271466693 0.0143183933202870 -0.0528643282260952 -0.0352652907242653
0.0960934889333062 0.1099381618136500 0.0154391113155791 0.0031794262132517 0.0067970357749222 -0.0590472767450680 -0.0906489809527228 -0.0149518158508548 0.0443284296530120 -0.0173338374918025 -0.0999400099745033 -0.0761215237158510
0.0024786775640313 0.0175004404823606 -0.0203334840167145 -0.0271251349575488 -0.0037877104993431 -0.0020791728286866 -0.0031054053720415 0.0370521094740633 0.0731691803864972 0.0370892836635322 -0.0185708969438221 0.0151187197916521
0.1103680754621155 0.1248629587432192 0.0326481675233102 -0.0208062750034027 0.0515225746734126 0.1369305068796825 0.1047539870453087 0.0106085462818431 -0.0055049360736429 0.0578556589268383 0.0844115960759356 0.0390045890400661
-0.0004374563522458 0.0018979140032346 -0.0046463601410494 -0.0323406246062942 -0.0260869038034367 0.0043178827222423 -0.0341099029563840 -0.1390135720099156 -0.1640540363845434 -0.0559279873426024 0.0049541331802857 -0.1331532309987623
-0.3084739928457468 -0.2556824103494730 -0.0453169177003134 -0.0260165412881548 -0.2817466473656481 -0.4530840121453412 -0.2737470476987499 -0.0161149088382974 -0.1009263846123674 -0.4318736564425338 -0.5139951119110586 -0.2181329690640886
0.0004118204612106 -0.1933464520817319 -0.4725924165930310 -0.3257782029050664 10.6207797222819680 -0.7202508841509617 -1.1565988351101915 -0.1680905007318444 0.4192267312227539 0.1824505015400186 -0.2025863649661709 -0.2023548982234479
0.0033045241132182 0.0659782334152645 0.0031658881328778 -0.0048006516317366 0.0240346384392917 -0.0128959993471616 -0.0474646036910920 0.0327776551368585 0.1333922794649392 0.0840851193131981 -0.0515427975956981 -0.0505845101024172
0.1027737875790663 0.1766959753946104 0.0607967524552469 -0.0598375659605846 -0.0053319971665572 0.1234901121608198 0.1269513953386929 0.0183894901207979 -0.0319610402720531 0.0208177342455022 0.0621662242244690 0.0332469761901476
-0.0001665627112421 0.0003579689758098 -0.0122346092360842 -0.0466510735175851 -0.0393050667264851 0.0087954968282657 0.0011633126151206 -0.0834665251105471 -0.1248621936608487 -0.0535311344836784 0.0183678549456378 -0.0266164979650535
-0.1158333499311608 -0.1083630750318128 -0.0241190001006490 0.0085653764970086 -0.0269299894691385 -0.0379088480335654 -0.0069264244618994 0.0019645848597236 0.0000129550273835 0.0530930351535651 0.1150853267102505 0.0803625785861625
0.0000178692836517 0.0232611594652067 0.1194604968138350 0.1178333836866820 0.0284884574031004 0.0002948079033441 -0.0409965946734331 -0.2642956642828814 -0.0029264186205205 -0.0698150826886344 -0.0104616595204795 0.0469961645302732
0.0066532232680604 0.0133214277882433 0.1146943603362320 0.1519527077811595 0.0654941519913462 -0.0051158966897127 0.0186075072203456 0.0469191355291809 0.0201014858880113 -0.0024985455304292 0.0033570151112967 -0.0248125331261145
-0.0847556008930968 -0.0817142346902806 -0.0090321541794372 0.0084725574409778 -0.0766006524042099 -0.1371639291004612 -0.0762090711756654 0.0114287426997417 -0.0023960423865323 -0.0751651774195852 -0.0822936420170722 -0.0224455097010856
0.0094625632345602 -0.0039780744093581 -0.0017977645145701 0.0175736534938630 0.0038446782374195 -0.0166842180759138 0.0293036822987455 0.1024186137792291 0.0809116499893697 -0.0208265840931402 -0.0353857593908737 0.0876682926318761
0.1679535757393369 0.0701132544150391 -0.0626018473653964 -0.0237645706444520 0.1236948361907244 0.1466215296802571 0.0144405336115254 -0.0665316513057610 0.0030575702259806 0.0790929586721477 0.0459540284986962 -0.0070456543648281
0.0031380955717407 -0.0108384101671280 -0.0897543948824204 -0.0682337279241201 0.1156338413858434 0.1575786966811015 -0.1779430000697246 -0.4739676335291242 -0.0668314984309743 0.7923319923746026 0.6615459912611329 -2.3549588822759033
-0.4414058713838379 -0.0241823076790200 -0.4615874666579945 -0.8016014985806526 -0.5352519896832946 -0.0724158884465376 -0.0737151849218853 -0.4594000017412871 -0.5975187877646127 -0.2894267123289951 -0.0052397614825721 -0.1074575988440880
-0.3451525025146737 -0.3243034451949886 -0.0993199527349768 0.0056531317579971 -0.0762663408196435 -0.1354496335573223 -0.0745904678069662 -0.0075335998444274 0.0000239377835416 0.0198169148540671 0.0695660163716603 0.0629675915162736
0.0018077795280066 0.0131240770745381 0.1209437845478548 0.1698004313210516 0.0764672813921532 -0.0148551660984830 0.0393109801378566 0.1469610528803801 0.1356850060628289 0.0290693852314473 -0.0139279636723268 0.0366540686595388
0.0663364603972556 0.0303993982216819 0.0001660423784237 0.0010212850917616 -0.0215069315559297 -0.0606548192971912 -0.0418993743792963 0.0156031275969531 -0.0003163467623989 -0.0911417751502202 -0.1173208714537952 -0.0320425963812445
0.0309050810395029 -0.0151001871124451 -0.0712376298161064 -0.0446513527602087 0.0000134647767178 -0.0014578374059059 0.0126306421061802 0.0662669181298101 0.0564792856594023 -0.0290480445396331 -0.0356645146116359 0.0635730772837792
0.0855406867132740 0.0098616911981172 0.0275338202868084 0.0348320945678822 -0.0946341714270181 -0.0572311763615172 0.0105652654704898 -0.0367237535858865 -0.0161326850811129 0.0916714675848216 0.1036261678643991 0.0125757487545730
-0.0255076244225528 0.0054726282934014 0.0042110827900997 -0.0203589370795606 0.0016837947036273 0.0206863275598419 -0.0418700676111256 -0.1112081050584010 -0.0717443753205491 0.0166904772032708 0.0103664417991399 -0.0738786789925236
-0.0963441419788091 -0.0327561240633176 0.0104115526649791 -0.0046238228021735 -0.0096878460411391 0.0133370657564765 0.0093364771545589 -0.0095900569731543 0.0324685892830513 0.1099054876444008 0.1030799885420777 0.0124829610627103
-0.0078071677000386 0.0986076502517596 0.1768762340908430 0.1055762580249522 -0.0019527276984423 0.0156481404369018 0.1093236863520046 0.1197724763943732 0.0413276911774767 -0.0031312136391185 0.0092933862178854 -0.0040440576969889
-0.0403820956550429 -0.0230512793518087 0.0027095550506263 -0.0873822703264256 -0.2310142780114802 -0.2117783585115509 -0.0406310426525986 -0.0249235010886098 -0.2846678954900186 -0.4786695255954317 -0.3002293300267137 -0.0182006048509998
-0.1174501017937254 -0.5136936948996298 -0.6225322788682688 -0.2679665654389475 0.0005418938795053 -0.2428854465272716 -0.5964582101593263 -0.4111061006280408 10.6453670829977400 -0.7151548825073615 -1.1260939998890265 -0.1589906253761515
0.3755903817993400 0.1519002350169441 -0.1502980029491779 -0.1230079719436467 0.0010180477520132 -0.0013931774156540 -0.0035374519583366 0.0852824710741018 0.0996488145213097 -0.0325581349827022 -0.0934991244786982 0.0553424958415778
0.2002514181534269 0.1141015123796533 -0.0636364598503173 -0.0567826341223900 0.1042905229826835 0.1602427706889452 0.0484071104542033 -0.0403483733694958 -0.0029034852386148 0.0491309608557192 0.0288347661244047 0.0004066494952530
0.0078861028545088 -0.0127804888278067 -0.0737942003066897 -0.0760535813507251 0.0006611117256847 0.0239308529831272 -0.0693250549954711 -0.1433716325836440 -0.0824908813532498 0.0136116772327119 0.0013635202660001 -0.0732843715390036
-0.0783415285003016 -0.0213890745831797 0.0032564759311131 0.0011778420878724 0.0325412114898308 0.0593949532166549 0.0210902081474211 -0.0112173719084060 0.0543948277681549 0.1374681524172528 0.1050956159541704 0.0113743842735760
0.0000256399217794 0.0469603724839984 0.0348980042255640 -0.0079031390183162 -0.0000189969861935 -0.0167519999686535 -0.1230971618776633 -0.1684990163577259 -0.0652154515403043 0.0027383484952793 0.0127058444900385 0.2528512551840475
0.0028653130596207 0.0216504094324520 -0.0965086974498493 -0.1073245597742526 -0.0094963088455429 -0.0137872260274524 -0.0827101036683277 -0.0643550684089371 -0.0064547764102919 -0.0015462327310229 0.0164980742278044 0.0929384582372564
0.1168849444595563 0.0376393424497315 -0.0121055994155562 0.0502469213620156 0.1112447269264657 0.0712924317517562 0.0049481357803702 -0.0023858749166707 0.0033497216383973 -0.0245035765158737 -0.0303664551638508 0.0071615745172123
-0.0021424070781145 -0.0881693794419688 -0.1275662109269083 -0.0471123282030191 0.0291136540335711 -0.0223269122687554 -0.1145231256807031 -0.0988417672821561 -0.0087760558608708 0.0197756232194540 -0.0179912931044308 -0.0252131594089247
0.0015596272105928 -0.0047152631324426 -0.0140175712328665 0.0478449393799601 0.1134667700492109 0.0557129362494127 -0.0567413797785449 -0.0240844919602202 0.1388741657456373 0.1810313269272640 0.0196027793096402 -0.0999517467015796
0.0049863277862679 0.1554799384802650 0.1147867310406936 -0.0294202690913325 -0.0536402886247606 0.0121643949543160 0.0016909166957003 -0.0265861043199015 0.0700943558688728 0.1165949300526194 -0.1485608717296944 -0.4252455433598903
-0.0629654287248416 0.7710458355948446 0.6565884185943224 -2.3605234358968414 0.5522580949836373 0.0253823753093592 0.5421952562141000 0.9470065501702095 0.6316559716781768 0.0868893189145862 0.0767777408015458 0.4912748773561942
0.6251547587423221 0.2937626094994754 0.0053275834598234 0.0902639013065043 0.2736652056293992 0.2295347730311032 0.0592884020621763 -0.0028141352317678 0.0150359517778135 -0.0185568202556764 -0.0576025326015463 -0.0189090807392755
0.0006403052281281 -0.1011116794630023 -0.1995169385368815 -0.1340210450255914 -0.0031755870169740 -0.0159549923548120 -0.1424464762243631 -0.1721164698784506 -0.0654414616950768 0.0106043178431615 -0.0185984856718007 -0.0478286043777077
-0.0175592722714659 0.0031583523991656 -0.0060347871151448 0.0286251456992036 0.0969465002462064 0.0871724626038180 0.0014895770549497 -0.0145453924747740 0.0765030959617575 0.1271814271710046 0.0583533821859942 -0.0148121830932840
-0.0011044927899864 0.0254440520336168 0.0021900108702244 -0.0079981342607212 0.0170651614531720 -0.0112357612897538 -0.0931038074371022 -0.0945966966354680 0.0000601950513002 0.0357263471863413 -0.0264171723867193 -0.0477186767294854
-0.0040600975929476 -0.0104536837016991 -0.0268208717953384 0.0628106792197931 0.1261550233676048 0.0311202570143576 -0.0026560934820371 0.0374847745724034 -0.0883927685087011 0.0054766529419295 0.0357975333082585 -0.0526394436766977
-0.0166000136933831 0.0643216313054498 0.0374389669999816 -0.0010293480990035 0.0181585181957680 -0.0123480593668013 -0.0971924732528526 -0.0923643183113976 0.0012297960509158 0.0269578882478523 -0.0363910912091757 -0.0598837079831859
-0.0183916495813374 -0.0003113894784333 -0.0029291794759229 0.0426638276256347 0.0899951246949867 0.0474090967158279 -0.0207292329942068 0.0168569351747360 0.1156965346965025 0.1197335614626044 0.0288636980824766 -0.0135514864127372
0.0262554897233538 0.0446785941484515 0.0113290396001314 -0.0018396154388064 0.0025092715680886 -0.0500502759285970 -0.1209254667240389 -0.0914837659471043 0.0002940809218163 -0.0183782974338453 -0.1543224085754618 -0.2048215879432077
-0.0900373228312415 0.0079816003798561 -0.0480077608835694 -0.1334884743467878 -0.1004958813507926 -0.0186838565135852 0.0003393173913800 0.0177125338687681 0.0985940553122830 0.1256994371176518 0.0307878740022462 0.0191356721524250
0.2479450623408983 0.4536446898942645 0.3059492895049487 0.0221224549267832 0.1234556060651340 0.5699046796980660 0.7164904633900868 0.3205610568536254 0.0001970388639045 0.2837359809217729 0.7153263671150560 0.5010783731600856
