0.0000000000000000 0.0009759544309010 0.0005562370298676 -0.0003976556791868 -0.0016907887807046 -0.0039099534159252 -0.0028246944484254 -0.0044404099517295 -0.0055619680875679 -0.0102502505331912 -0.0067909280785263 -0.0085113136732143
-0.0090773537797345 -0.0165006370568038 -0.0109830420225011 -0.0124127323571587 -0.0208201161535833 -0.0125305486011459 -0.0152082340861449 -0.0159537432114626 -0.0272469001721279 -0.0169783952648944 -0.0192665389898867 -0.0189603794717024
-0.0333426746505790 -0.0214721337437309 -0.0229614167589438 -0.0375113029652152 -0.0221566626055787 -0.0258087583427648 -0.0261102602468351 -0.0439228290825172 -0.0270148089985875 -0.0297852344301706 -0.0285542278655908 -0.0497664048373386
-0.0317369041781830 -0.0332092059323687 -0.0537809490410560 -0.0315847587412314 -0.0361128728081671 -0.0359092749980952 -0.0600761169580926 -0.0367769709957501 -0.0399397700543000 -0.0377442728663370 -0.0655736671966421 -0.0416516708253366
-0.0430324458846389 -0.0694312795899323 -0.0406981649225133 -0.0459949337328030 -0.0452334403771380 -0.0755111540912199 -0.0461444372847551 -0.0496070500561318 -0.0464215507652640 -0.0805740372439585 -0.0510946619109556 -0.0523129847155174
-0.0842717480355534 -0.0493832814848312 -0.0553343239492904 -0.0539717375193316 -0.0900410442666560 -0.0550010294771796 -0.0586700330268351 -0.0544840748635470 -0.0945871535915245 -0.0599495386703373 -0.0609396204383430 -0.0981213887086256
-0.0575310190534217 -0.0640169522988978 -0.0620208219175257 -0.1034899004336201 -0.0632362996634400 -0.0670191756754677 -0.0618380548854142 -0.1074449179895780 -0.0681068540032655 -0.0688094585294062 -0.1108110545922313 -0.0650381890324654
-0.0719366731012444 -0.0692862679613052 -0.1156950045662994 -0.0707469301744488 -0.0745537818787195 -0.0683990063535287 -0.1189935410351160 -0.0754654289090542 -0.0758291623325032 -0.1221855120760874 -0.0718088287461612 -0.0789966076995610
-0.0756836966269252 -0.1265088048212064 -0.0774380502008031 -0.0811832401469386 -0.0740927365864402 -0.0578599518102592 0.0000000000000000 0.0000000000000000 0.0000000000000000 0.0000000000000000 0.0000000000000000 0.0000000000000000
0.0000000000000000 0.0000000000000000 0.0000000000000000 0.0000000000000000 0.0000000000000000 0.0000000000000000 0.0000000000000000 0.0000000000000000 0.0000000000000000 0.0000000000000000 0.0000000000000000 0.0000000000000000
0.0000000000000000 0.0000000000000000 0.0000000000000000 0.0000000000000000 0.0000000000000000 0.0000000000000000 0.0000000000000000 0.0000000000000000 0.0000000000000000 -0.0747441828112548 -0.0183116741048212 0.0460657182875510
-0.0285098849971964 0.0406472722322047 0.0899673153489504 0.0210498870030211 -0.0530632772818095 0.0104292393422696 0.0681823525521389 -0.0045541278490421 -0.0758056521030061 -0.0199168297874526 0.0443512552314871 -0.0298364636876359
0.0386927084937057 0.0879959187155989 0.0193190844435023 -0.0539048197579744 0.0086285677670934 0.0659511613718884 -0.0060199662124329 -0.0759255723967645 -0.0212437962493517 0.0421339062424512 -0.0307641189425487 0.0363202628378177
0.0849964686591772 0.0174029231169773 -0.0540457946620523 0.0067897301662255 0.0629745739233280 -0.0073508452531854 -0.0750714091862416 -0.0222331644523164 0.0394757987220394 -0.0312459123916782 0.0336014186918813 0.0810350540412028
0.0153608924977492 -0.0534511071613902 0.0049781338715409 0.0593214132333597 -0.0084945799538199 -0.0732234899854386 -0.0228306845640340 0.0364437822044793 -0.0312413580174877 0.0306108939575933 0.0761890490675066 0.0132530725807291
-0.0520958427205342 0.0032575656430705 0.0550679911014879 -0.0094024782892920 -0.0703755995621196 -0.0229884359015595 0.0331081866316423 -0.0307173328495206 0.0274252209025521 0.0705458011754520 0.0111389690067370 -0.0499659526997910
0.0016889074517818 0.0502967779164181 -0.0100303572009041 -0.0665353897082795 -0.0226658992767796 0.0295415491329747 -0.0296488780577528 0.0241213206184049 0.0642012023490677 0.0090763713633966 -0.0470587842843769 0.0003289096110616
0.0450950080835640 -0.0103394827141614 -0.0617245945299232 -0.0218309126180122 0.0258173301895640 -0.0280198757446488 0.0207750956637204 0.0572581660926134 0.0071202538864437 -0.0433834439193746 -0.0007709577135528 0.0395532431634607
-0.0102974176936039 -0.0559790449887925 -0.0204604925169658 0.0220086400075757 -0.0258235885924736 0.0174600640155340 0.0498250333720373 0.0053217370022767 -0.0389609858475028 -0.0015655548969732 0.0337639151733625 -0.0098787621944057
-0.0493484792997088 -0.0749181143084415 0.0000000000000000 0.0000000000000000 0.0000000000000000 0.0000000000000000 0.0000000000000000 0.0000000000000000 0.0000000000000000 0.0000000000000000 0.0000000000000000 0.0000000000000000
0.0000000000000000 0.0000000000000000 0.0000000000000000 0.0000000000000000 0.0000000000000000 0.0000000000000000 0.0000000000000000 0.0000000000000000 0.0000000000000000 0.0000000000000000 0.0000000000000000 0.0000000000000000
0.0000000000000000 0.0000000000000000 0.0000000000000000 0.0000000000000000 0.0000000000000000 0.0006826834140373 -0.0032440073102600 0.0008410193891174 -0.0001066134057025 0.0008344757047898 0.0000239027256514 -0.0025978809996885
-0.0025280194492779 0.0093097497259698 -0.0023712972028713 -0.0065201437106626 -0.0019215567606323 0.0181233055581996 -0.0070926065963906 -0.0091483505977066 0.0228286758815590 -0.0001805040884339 -0.0124416239451070 -0.0087828482111053
0.0302412320887213 -0.0072834239315417 -0.0166152068688254 -0.0039331130413934 0.0393994356579698 -0.0152574069185655 -0.0178414729102056 0.0443523447354420 -0.0010110533141671 -0.0222638544399279 -0.0145150984661728 0.0507813273929657
-0.0125793623557327 -0.0264464947335897 -0.0053229196803716 0.0603415600687651 -0.0235340581215521 -0.0260695862875536 0.0651651695302988 -0.0024326969317760 -0.0319272050888634 -0.0196503461115150 0.0706987670301083 -0.0181694852965967
-0.0358808947990521 -0.0060767996786783 0.0807087278859518 -0.0317987711040425 -0.0337254903391971 0.0850370620070528 -0.0043963322473779 -0.0412955066495160 -0.0241271007889295 0.0897693233717447 -0.0239557724628226 -0.0447917560596802
-0.0061958099114485 0.1002643926800541 -0.0399253335552007 -0.0407128242943830 0.1037504482188820 -0.0068399878596402 -0.0502359349141603 -0.0278977721982438 0.1077780873544889 -0.0298335987507810 -0.0530608342810620 -0.0056962988640128
0.1187789317977165 -0.0477872059866813 -0.0469475227092527 0.1211024006801369 -0.0096902387423471 -0.0586211099115194 -0.0309293831088578 0.1245216544825581 -0.0356936471230947 -0.0605800978432327 -0.0046096731718602 0.1360321289126003
-0.0552596358791992 -0.0523590568256740 0.1369065959339419 -0.0128638225382682 -0.0663311128312489 -0.0332040162182711 0.1398102005944961 -0.0414239120789756 -0.0672533646830359 -0.0029818741926882 0.1518155959445116 -0.0622217541777627
-0.0568914410773956 0.1509950826065984 -0.0162694259927333 -0.0732553874291171 -0.0347189865458839 0.1534694295618118 -0.0469117583122704 -0.0729977436625537 -0.0008725709035331 0.1456732275631607 0.0000000000000000 0.0000000000000000
0.0000000000000000 0.0000000000000000 0.0000000000000000 0.0000000000000000 0.0000000000000000 0.0000000000000000 0.0000000000000000 0.0000000000000000 0.0000000000000000 0.0000000000000000 0.0000000000000000 0.0000000000000000
0.0000000000000000 0.0000000000000000 0.0000000000000000 0.0000000000000000 0.0000000000000000 0.0000000000000000 0.0000000000000000 0.0000000000000000 0.0000000000000000 0.0000000000000000 0.0000000000000000 0.0000000000000000
0.0000000000000000 -0.1017677457960074 0.1478805205056154 0.0827538028132639 -0.0580898301787286 -0.2739770682674901 0.0932194699780548 0.0403393979153129 -0.0928677147333593 -0.0553933703167096 0.1028301463657621 -0.0116680126638313
-0.1010330541918364 0.1604426646060511 0.0803201967006768 -0.0603834931656565 -0.2588495936949041 0.0941858778098662 0.0369981446554363 -0.0932589021464794 -0.0418501362799056 0.1010581497485664 -0.0146472019691530 -0.0989634568408314
0.1708412044929740 0.0768920919118343 -0.0618350688565586 -0.2409864791760405 0.0938324905085033 0.0332717583131587 -0.0923917553643699 -0.0282590413214792 0.0979837457145990 -0.0173144757525885 -0.0956013750128297 0.1786385956007234
0.0725675942782488 -0.0623663512287871 -0.2209150741608600 0.0921379564006607 0.0292808881702849 -0.0902511884261794 -0.0150879698707486 0.0936695227045248 -0.0195625031898581 -0.0910126317410909 0.1834339685889621 0.0674585431283802
-0.0619153650003051 -0.1991797541960076 0.0891063356798391 0.0251488438844601 -0.0868443859268632 -0.0027906712023748 0.0881986866659491 -0.0212926298870617 -0.0852853664951300 0.1848715035793490 0.0616881081962816 -0.0604379339065933
-0.1763319401029687 0.0847668481356226 0.0209989130727112 -0.0822009868436797 0.0082020750988998 0.0816732812475560 -0.0224171400654433 -0.0785285014467715 0.1826481765944517 0.0553881990611400 -0.0579089141203504 -0.1529201959340464
0.0791731367816891 0.0169516997683997 -0.0763728393937575 0.0174908766335111 0.0742120742896800 -0.0228613029147197 -0.0708697824171848 0.1765207464793555 0.0486967390398049 -0.0543230654509160 -0.1294805597231377 0.0724020688905773
0.0131225365405379 -0.0694333264640743 0.0247155922363123 0.0659481548260149 -0.0225651614003113 -0.0624534261017987 0.1663118608138599 0.0417548576035358 -0.0496955397507883 -0.1065272558933836 0.0645521042937033 0.0096190214499919
-0.0614762693795655 0.0295625146889741 0.0570262897538049 -0.0214850267171229 -0.0534374132207426 0.1084730863055990 0.0000000000000000 0.0000000000000000 0.0000000000000000 0.0000000000000000 0.0000000000000000 0.0000000000000000
0.0000000000000000 0.0000000000000000 0.0000000000000000 0.0000000000000000 0.0000000000000000 0.0000000000000000 0.0000000000000000 0.0000000000000000 0.0000000000000000 0.0000000000000000 0.0000000000000000 0.0000000000000000
0.0000000000000000 0.0000000000000000 0.0000000000000000 0.0000000000000000 0.0000000000000000 0.0000000000000000 0.0000000000000000 0.0000000000000000 0.0000000000000000 -0.0019686975450628 -0.0024358090650814 0.0005854943105854
0.0002266097723588 0.0014324625712625 0.0011246490065175 -0.0021550497863188 -0.0002228651416537 0.0057640577570737 0.0017360683232789 -0.0064993178973387 0.0052982233216938 0.0034586349070870 -0.0037129230561556 -0.0070971292203319
-0.0062818921515217 0.0114839293946281 -0.0119988406173534 -0.0002080698798496 0.0194618859812162 0.0046111754661844 -0.0171733411401338 0.0133747282283369 0.0064531252616892 -0.0088243001345204 -0.0136362889794411 -0.0096015582151960
0.0210229496551143 -0.0220871343540157 0.0007913005818748 0.0334838280415205 0.0064391338766412 -0.0274327523129570 0.0221163573683403 0.0062222810537339 -0.0146429292770662 -0.0192857523973825 -0.0089006093854093 0.0295879865235771
-0.0322404003902915 0.0027489794875720 0.0473194785771528 0.0072189142105049 -0.0371073007403468 0.0313575939924025 0.0025264209575553 -0.0210435597338597 -0.0239628805002883 -0.0046366669821368 0.0370518070183607 -0.0422753425224043
0.0056122066123221 0.0604710081380651 0.0069771407673387 -0.0460395919466953 0.0409153078161512 -0.0047774076451699 -0.0278842833178170 -0.0276092684909814 0.0026651593781435 0.0433159397031443 -0.0520087863913418 0.0093027406834762
0.0724682065815694 0.0057670432489861 -0.0540883405494483 0.0505926839767569 -0.0157263841395756 -0.0350097870491305 -0.0301919619676751 0.0124292295389281 0.0483122383838416 -0.0612615673115426 0.0137184760332563 0.0828827490067379
0.0036668103886455 -0.0611312746767039 0.0601835584539076 -0.0302451109125755 -0.0422548991748168 -0.0317041041012142 0.0240468401285467 0.0520037193870998 -0.0698623346174086 0.0187356344082019 0.0913413527464067 0.0007773899774861
-0.0670676289910071 0.0694770701303680 -0.0481412655714007 -0.0494483491056147 -0.0321649967288062 0.0368938107564718 0.0543846697071407 -0.0776511906077831 0.0242114898102557 0.0975375176209844 -0.0027802087568497 -0.0718201721185316
0.0782625306487459 -0.1620026277700701 0.0000000000000000 0.0000000000000000 0.0000000000000000 0.0000000000000000 0.0000000000000000 0.0000000000000000 0.0000000000000000 0.0000000000000000 0.0000000000000000 0.0000000000000000
0.0000000000000000 0.0000000000000000 0.0000000000000000 0.0000000000000000 0.0000000000000000 0.0000000000000000 0.0000000000000000 0.0000000000000000 0.0000000000000000 0.0000000000000000 0.0000000000000000 0.0000000000000000
0.0000000000000000 0.0000000000000000 0.0000000000000000 0.0000000000000000 0.0000000000000000 -0.0441158145239349 -0.0924672308947229 0.1028193562686133 -0.0861881421148390 0.2641677672876457 -0.0093050165010469 0.0588118977082091
-0.0995436783212275 0.0270152524788484 0.0801259468497773 -0.0218401736681473 -0.0384464961986293 -0.1053403034210142 0.1015509463305681 -0.0884692468577202 0.2373256497102782 -0.0026569985327393 0.0540323239098725 -0.0969732626638865
0.0200463673406178 0.0826563376830121 -0.0264583488244545 -0.0322247451017746 -0.1178856055710640 0.0988233041536161 -0.0894110314408524 0.2100676636997434 0.0037710560640784 0.0486047539420410 -0.0930138746610710 0.0133279916888575
0.0838135147823475 -0.0305110504930184 -0.0256823587892089 -0.1296468490620345 0.0947132480372267 -0.0889463053777944 0.1830842091616029 0.0097353178765853 0.0427167972754073 -0.0877768451943860 0.0069815911093431 0.0835230121540259
-0.0338292467897818 -0.0190622054643220 -0.1400993631619981 0.0893287214022023 -0.0870405380535770 0.1569542655068224 0.0150098022422859 0.0365646425523031 -0.0814044984606877 0.0011200119466175 0.0817468637118970 -0.0362620996834674
-0.0126117467702569 -0.1486537785648529 0.0828058555177708 -0.0836930601699678 0.1321467892530130 0.0193922056419404 0.0303479729730191 -0.0740667852325380 -0.0041452922896738 0.0784842888478574 -0.0376809934480960 -0.0065763052102938
-0.1546626821836463 0.0753053636323574 -0.0789374318990779 0.1090250525820966 0.0227089914649422 0.0242648176894321 -0.0659571740044896 -0.0086975757669876 0.0737714337311293 -0.0379830189714933 -0.0011922448205330 -0.1574303441322664
0.0670083608676308 -0.0728409613668887 0.0878535064193154 0.0248196143219836 0.0185064660442413 -0.0572878924829159 -0.0124090362109672 0.0676801884343805 -0.0370938261693947 0.0033197599428521 -0.1562255310958901 0.0581117174868287
-0.0655033777830194 0.0688067092560872 0.0256197960724970 0.0132525695928108 -0.0482846295871314 -0.0151363163188214 0.0603161222824437 -0.0349697718818212 0.0067611894691287 -0.1158945066093231 0.0000000000000000 0.0000000000000000
0.0000000000000000 0.0000000000000000 0.0000000000000000 0.0000000000000000 0.0000000000000000 0.0000000000000000 0.0000000000000000 0.0000000000000000 0.0000000000000000 0.0000000000000000 0.0000000000000000 0.0000000000000000
0.0000000000000000 0.0000000000000000 0.0000000000000000 0.0000000000000000 0.0000000000000000 0.0000000000000000 0.0000000000000000 0.0000000000000000 0.0000000000000000 0.0000000000000000 0.0000000000000000 0.0000000000000000
0.0000000000000000 0.0032447075806782 -0.0026336346466223 0.0002762297851363 -0.0001107819943737 -0.0001435567075131 -0.0010682898272961 0.0019179700252802 -0.0022808709296681 0.0115411801075564 -0.0052176660763327 0.0065888811554869
-0.0083605537521459 0.0082929754635577 -0.0010329180932808 0.0037071908794587 -0.0202980545916959 -0.0113555932604673 0.0108061223458677 -0.0095859400791965 0.0407311879334223 -0.0154269874681129 0.0171714507404717 -0.0196824377652837
0.0122824421262430 -0.0009290698584936 0.0061922571920237 -0.0289152917020048 -0.0223546497311369 0.0203560912169136 -0.0178717664140339 0.0704116773276527 -0.0246309546240024 0.0270977305669860 -0.0304260406190647 0.0083923280327192
0.0005592905625344 0.0072981070885056 -0.0273741694020085 -0.0337513187095497 0.0303391762903391 -0.0269333359143199 0.0995230665016612 -0.0326316011184176 0.0361523689360009 -0.0403095231147625 -0.0041682820930853 0.0033613013867364
0.0070204594834484 -0.0171689015926595 -0.0452235716685447 0.0405125794728538 -0.0365382309441865 0.1270419199199054 -0.0392692806096996 0.0441446347678907 -0.0490729539041167 -0.0260051357822041 0.0073660915011114 0.0053973349102398
0.0001353454238463 -0.0564512970394060 0.0506261342964525 -0.0464330921465650 0.1520057947965919 -0.0444266436534064 0.0509136319735057 -0.0564867139320455 -0.0575060487788610 0.0124262527347381 0.0025081338471207 0.0229442955583611
-0.0671257949415850 0.0604292236358404 -0.0563507896080368 0.1735368761834746 -0.0480313428814659 0.0563326965212177 -0.0623592031441570 -0.0988097215703161 0.0183623109080169 -0.0015284650424796 0.0496733819271699 -0.0769586979933792
0.0696776964542770 -0.0660181091028107 0.1908641769940181 -0.0500574126890900 0.0603128526906928 -0.0665435992245478 -0.1497768914250625 0.0249680615622962 -0.0065577369132949 0.0787831480532329 -0.0856900784851207 0.0781405934776981
-0.0751637432202629 0.2033440827954857 -0.0505253086083244 0.0628052323062641 -0.0689434418828399 -0.1766867801061305 0.0000000000000000 0.0000000000000000 0.0000000000000000 0.0000000000000000 0.0000000000000000 0.0000000000000000
0.0000000000000000 0.0000000000000000 0.0000000000000000 0.0000000000000000 0.0000000000000000 0.0000000000000000 0.0000000000000000 0.0000000000000000 0.0000000000000000 0.0000000000000000 0.0000000000000000 0.0000000000000000
0.0000000000000000 0.0000000000000000 0.0000000000000000 0.0000000000000000 0.0000000000000000 0.0000000000000000 0.0000000000000000 0.0000000000000000 0.0000000000000000 0.0536838364409880 -0.1770690467948152 0.0941021725932143
-0.1006128342308110 -0.1168020343716594 -0.1131998942045124 0.0796281588705254 -0.0626168875690460 0.1047697762062949 -0.0034948085530952 -0.0263920331055403 0.0607353868622444 -0.1714073482771271 0.0966708850289765 -0.1015485629222678
-0.0491705676043840 -0.1091216050052765 0.0741497307088261 -0.0558136890220202 0.0815178060117648 0.0046301505938163 -0.0327231359959242 0.0666381978084162 -0.1584123721127677 0.0975269441355893 -0.1007524308523374 0.0078361286051255
-0.1031810842991002 0.0675917775464027 -0.0482195780237006 0.0568255095571615 0.0123063369473607 -0.0382548896165091 0.0711248350038894 -0.1382509870676127 0.0966192290818664 -0.0982278057549087 0.0533421752617920 -0.0956200546769236
0.0601987844906726 -0.0401288344964363 0.0320152216533430 0.0192229547114510 -0.0427500565980148 0.0739727485951209 -0.1115505467181455 0.0939514810074052 -0.0940309719345555 0.0870860491914868 -0.0867302882157579 0.0522387870851279
-0.0318534339433091 0.0083937234059553 0.0250985924906699 -0.0460034834454344 0.0750130801412180 -0.0794300021112099 0.0895817224270603 -0.0882697256070190 0.1093536009481923 -0.0768422457953936 0.0439948717387047 -0.0237130078463444
-0.0128121554468074 0.0296899898814776 -0.0478486504806211 0.0741378677280273 -0.0435171751463469 0.0836199913745395 -0.0811003458627192 0.1209015999009296 -0.0663127727407037 0.0357562509135406 -0.0160243990520876 -0.0305161550117215
0.0327994282275057 -0.0481630434610760 0.0713053640692695 -0.0059506101114500 0.0762244804486383 -0.0727230234586515 0.1228745290971147 -0.0555122779550502 0.0278091808741885 -0.0090911478848970 -0.0438275902980374 0.0342805352688685
-0.0468721721683768 0.0665432240118563 0.0306352906064612 0.0675962134293335 -0.0633758673845224 0.1167173061111877 -0.0448118288077078 0.0204280010770055 -0.0031932416273644 -0.0520990469358963 0.0340423720329357 -0.0439521132687131
0.0599493834868759 0.1281647166444993 0.0000000000000000 0.0000000000000000 0.0000000000000000 0.0000000000000000 0.0000000000000000 0.0000000000000000 0.0000000000000000 0.0000000000000000 0.0000000000000000 0.0000000000000000
0.0000000000000000 0.0000000000000000 0.0000000000000000 0.0000000000000000 0.0000000000000000 0.0000000000000000 0.0000000000000000 0.0000000000000000 0.0000000000000000 0.0000000000000000 0.0000000000000000 0.0000000000000000
0.0000000000000000 0.0000000000000000 0.0000000000000000 0.0000000000000000 0.0000000000000000 0.0015928066035107 -0.0003882464123484 0.0009880359143336 -0.0000050585765753 0.0010717842585096 0.0004786124869488 0.0015303277082770
-0.0039768216928579 -0.0023918661708447 -0.0051189948092438 0.0064865566260820 -0.0036143369940626 -0.0050043748401316 -0.0056325505083130 -0.0005859062181367 0.0292174265761544 0.0033099926911446 0.0088253883223122 -0.0153956848671818
-0.0098565038768807 -0.0160074523858014 0.0165428782093537 -0.0068374474922566 -0.0057024338859736 -0.0106710229547209 -0.0029429040980279 0.0403115553047313 0.0038964295478497 0.0172967868644522 -0.0269103891810458 -0.0166958904976774
-0.0271912266781837 0.0256269011967561 -0.0079357943108922 -0.0005330312214820 -0.0139895879843640 -0.0069984175344060 0.0388270675725985 0.0022762560734695 0.0266736682810908 -0.0381459591611945 -0.0230354719593920 -0.0382857051789238
0.0334732546906885 -0.0068490419939900 0.0127363307064140 -0.0155136988906667 -0.0126128413035086 0.0287268792902845 -0.0014251904023052 0.0366528486459539 -0.0487326393738766 -0.0290506812690079 -0.0489144844004837 0.0398594655298792
-0.0036014367152876 0.0365557315265602 -0.0152342537581131 -0.0195890415230665 0.0134027935880787 -0.0070027977485941 0.0469093803490231 -0.0583195483304271 -0.0349162318797969 -0.0587228995658258 0.0446136894413340 0.0016969989522762
0.0735017913830299 -0.0132072117501474 -0.0276788821523852 -0.0043538879763618 -0.0141817317163948 0.0571077907279881 -0.0665876492729386 -0.0407588591660741 -0.0673905300254058 0.0476206508152032 0.0088527536630561 0.1261614644504668
-0.0095512766107815 -0.0365916174852769 -0.0223524207511751 -0.0226296772960075 0.0669136170215464 -0.0732620465223069 -0.0466164190198364 -0.0746421967496679 0.0488258662670558 0.0175941609992045 0.1969917578192290 -0.0044431344183705
-0.0460037667663320 -0.0389780517919456 -0.0319710855087468 0.0760049268375352 -0.0781226957657312 -0.0524067695749942 -0.0802573320218561 0.0482375792730506 0.0275801510613746 0.2056708076116663 0.0000000000000000 0.0000000000000000
0.0000000000000000 0.0000000000000000 0.0000000000000000 0.0000000000000000 0.0000000000000000 0.0000000000000000 0.0000000000000000 0.0000000000000000 0.0000000000000000 0.0000000000000000 0.0000000000000000 0.0000000000000000
0.0000000000000000 0.0000000000000000 0.0000000000000000 0.0000000000000000 0.0000000000000000 0.0000000000000000 0.0000000000000000 0.0000000000000000 0.0000000000000000 0.0000000000000000 0.0000000000000000 0.0000000000000000
0.0000000000000000 0.1000223708581037 0.2696979088852317 0.0558347749139199 -0.0973525708385419 0.2542955416643527 -0.0679579674521212 0.0896785513549813 0.0041745265077806 -0.1501670288883767 -0.0787542496596069 -0.0315681487490794
0.0997648814498426 0.2649318362064673 0.0629168714947338 -0.0953884350976194 0.1149113138146093 -0.0756936132539178 0.0846015988163508 0.0131737694236275 -0.1163033413836067 -0.0708461412528761 -0.0390119029558586 0.0973111145768817
0.2480931596312537 0.0685630070455803 -0.0915736281220743 0.0025291325562759 -0.0814205226505089 0.0780252368475838 0.0216546062965063 -0.0809692507017157 -0.0617899421518931 -0.0453900867842742 0.0927451979815896 0.2186475712188427
0.0725246739649892 -0.0860569122787015 -0.0831344626968593 -0.0848995119428165 0.0702207874399801 0.0292336188675775 -0.0458676855299042 -0.0519823632852682 -0.0504178657683848 0.0862456943201644 0.1767837996491186 0.0746222691686985
-0.0790530885081619 -0.1435007672486975 -0.0859921167314111 0.0615046954588774 0.0355626084412554 -0.0126446442321556 -0.0418443895654609 -0.0538613093757185 0.0780821083172165 0.1235736099546800 0.0747470213843952 -0.0708353149484096
-0.1808529253380445 -0.0846670797000195 0.0522261155085705 0.0403389629780201 0.0171665046721095 -0.0318070201344898 -0.0555466117119503 0.0686019090365806 0.0611280267011184 0.0728687980840900 -0.0617267752107266 -0.1980858007858445
-0.0809961383255622 0.0427547659988957 0.0433233231216158 0.0421948107637920 -0.0222900166151818 -0.0553695985679913 0.0582218213815372 -0.0072535178668442 0.0690333397719545 -0.0520848049104700 -0.1984741115883906 -0.0751467189811877
0.0334648064358242 0.0443479195267559 0.0612825035851183 -0.0136877362616582 -0.0532938017388315 0.0474084659292341 -0.0769509826906975 0.0633619859543421 -0.0422897140472041 -0.1854789588703600 -0.0673799156084208 0.0247209115475452
0.0433248094499558 0.0735355466638197 -0.0063530608176795 -0.0493594616253294 0.0366612140773666 -0.1504101547607904 0.0000000000000000 0.0000000000000000 0.0000000000000000 0.0000000000000000 0.0000000000000000 0.0000000000000000
0.0000000000000000 0.0000000000000000 0.0000000000000000 0.0000000000000000 0.0000000000000000 0.0000000000000000 0.0000000000000000 0.0000000000000000 0.0000000000000000 0.0000000000000000 0.0000000000000000 0.0000000000000000
0.0000000000000000 0.0000000000000000 0.0000000000000000 0.0000000000000000 0.0000000000000000 0.0000000000000000 0.0000000000000000 0.0000000000000000 0.0000000000000000 0.0011367383828892 0.0012317478190772 -0.0014358573059230
-0.0000801377467828 -0.0010599165308209 -0.0012902653895111 -0.0009845733077716 0.0036908050042963 0.0074033044289772 0.0017621742859821 -0.0060722092641320 -0.0037545883727754 -0.0115757703751223 0.0082168574097685 0.0042912747514367
0.0054104577183257 -0.0126334127486353 -0.0064046403847062 0.0136273132332678 0.0273640398181755 0.0069405886599084 -0.0153543813723175 -0.0106878531874012 -0.0293309418413049 0.0167371308936633 0.0105252145043047 -0.0096890375492997
-0.0229915040029610 -0.0134925313658756 0.0223042244414371 0.0502940579283970 0.0139717291192479 -0.0233466801521465 -0.0193510528205344 -0.0485876044464950 0.0237897238224316 0.0183738619100349 -0.0356585389640713 -0.0318732775028144
-0.0219702814146512 0.0293598867089285 0.0738999446441815 0.0225176562554767 -0.0297447661690802 -0.0293360117541516 -0.0646116111103298 0.0290881060086756 0.0275312445574983 -0.0640774775132760 -0.0388783143393780 -0.0314786418142171
0.0344830075044659 0.0958553357249687 0.0321717521417587 -0.0342994465277283 -0.0401850211383716 -0.0714502384402542 0.0324410706772846 0.0376066059397471 -0.0887014739319033 -0.0436863986010721 -0.0416364113140624 0.0374574187877036
0.1139362505057316 0.0424932475794009 -0.0368602082783877 -0.0513453437310154 -0.0619374960135577 0.0337188182806949 0.0482047294371458 -0.1053361456245881 -0.0460992882928294 -0.0520398798891834 0.0381534958702051 0.1262411049220978
0.0530048562078549 -0.0373277873598488 -0.0623006991571197 -0.0279815460359071 0.0328998705649485 0.0588704110349579 -0.1116025192900833 -0.0460490137695303 -0.0622508034329689 0.0365375833460611 0.1312227376943875 0.0632553043031193
-0.0357207621115772 -0.0724683677850707 0.0392483241115767 0.0300594505207045 0.0691725573566431 -0.1066833777409217 -0.0435718166233610 -0.0718549534258997 0.0326919675201118 0.1279074796835701 0.0727615568838510 -0.0321107330846199
-0.0813361085798721 0.2148142061568709 0.0000000000000000 0.0000000000000000 0.0000000000000000 0.0000000000000000 0.0000000000000000 0.0000000000000000 0.0000000000000000 0.0000000000000000 0.0000000000000000 0.0000000000000000
0.0000000000000000 0.0000000000000000 0.0000000000000000 0.0000000000000000 0.0000000000000000 0.0000000000000000 0.0000000000000000 0.0000000000000000 0.0000000000000000 0.0000000000000000 0.0000000000000000 0.0000000000000000
0.0000000000000000 0.0000000000000000 0.0000000000000000 0.0000000000000000 0.0000000000000000 0.0676524293908685 0.0050249160795315 0.0112769563618256 -0.0880952618598247 -0.3485091278700209 0.0436792373519865 0.0994964084398911
0.0661163824405160 -0.0455135279055131 -0.1056075805854343 -0.0397963569134221 0.0570656032051154 -0.0087045798415876 0.0226455533309890 -0.0819418819179328 -0.1988851265502069 0.0302387061253574 0.0951042359361817 0.0739614826384640
-0.0373135165066260 -0.1040475662458814 -0.0489339176913571 0.0450593839524531 -0.0189061975679923 0.0331220267299241 -0.0739715786937050 -0.0930155540564644 0.0163975638303342 0.0886022914011369 0.0796938006642286 -0.0269818808392094
-0.0999154955343654 -0.0564058038416989 0.0324585607685223 -0.0226156701140861 0.0425705983722635 -0.0645652906718827 -0.0244827661463660 0.0030101295712973 0.0800618265184066 0.0833113830721837 -0.0147807043096258 -0.0931198165806288
-0.0622480860039087 0.0194065753674168 -0.0163480045690363 0.0498325128234354 -0.0536850050821958 0.0149522862995725 -0.0099120307144173 0.0703423089256635 0.0838319789048695 -0.0026874760268398 -0.0849008776166338 -0.0653699849131157
0.0068591394271199 0.0016972851661108 0.0557385772400739 -0.0428134518255508 0.0318846501485923 -0.0211457513473233 0.0595362299597141 0.0819637128402347 0.0079983995553723 -0.0743101919241084 -0.0667988583772404 -0.0045512320384582
0.0331491843008904 0.0587116130944352 -0.0317038842254830 0.0343709332200477 -0.0294234275219696 0.0480908353676696 0.0776897230613902 0.0166051807223276 -0.0631450329871973 -0.0656401471544645 -0.0139699763590647 0.0770809096797579
0.0593075461720990 -0.0209364408431425 0.0275417472046783 -0.0363164818631165 0.0367471500417390 0.0712297294502651 0.0224227515526713 -0.0508353079789266 -0.0622781510702253 -0.0214382400601264 0.1325651843618518 0.0573068624796652
-0.0112985637959589 0.0166808833422335 -0.0399512940807179 0.0265642975694274 0.0625494404894275 0.0244874112635694 -0.0390957477998291 -0.0559524962129062 -0.0262094170894330 0.1253739561890983 0.0000000000000000 0.0000000000000000
0.0000000000000000 0.0000000000000000 0.0000000000000000 0.0000000000000000 0.0000000000000000 0.0000000000000000 0.0000000000000000 0.0000000000000000 0.0000000000000000 0.0000000000000000 0.0000000000000000 0.0000000000000000
0.0000000000000000 0.0000000000000000 0.0000000000000000 0.0000000000000000 0.0000000000000000 0.0000000000000000 0.0000000000000000 0.0000000000000000 0.0000000000000000 0.0000000000000000 0.0000000000000000 0.0000000000000000
