0.0000000000000000 0.0922066565931895 0.1561916615019750 0.0967257791027303 0.0983447997974822 0.1548418972925301 0.0885574476708654 0.0986847963865460 0.0957137227581677 0.1561073766882760 0.0931937569525977 0.0989327743389795
0.0914840853862304 0.1552450569969920 0.0962699327806854 0.0974645962900412 0.1536339391838362 0.0880455555347863 0.0976833464504614 0.0943372778817012 0.1540870078189621 0.0921396442215265 0.0973917012500323 0.0896671984068834
0.1524355039387912 0.0946517815310092 0.0954147767128950 0.1505764614049316 0.0864647113745221 0.0955041298390384 0.0918332591245006 0.1502146528844884 0.0899673743654921 0.0946797226225119 0.0867847268912615 0.1477988814501567
0.0918871584176761 0.0922228918531798 0.1457031666494544 0.0838264673774942 0.0921719891131807 0.0882368105647950 0.1445365381223359 0.0866976359783537 0.0908303565506932 0.0828782914467260 0.1413932878939019 0.0880060397207516
0.0879304225938142 0.1390699699311763 0.0801555204385483 0.0877259484796422 0.0835963135108082 0.1371209144831008 0.0823647402701064 0.0858910461798944 0.0780018089702709 0.1332983039173780 0.0830522170548988 0.0825922344639249
0.1307543488386795 0.0754894947632466 0.0822187481803339 0.0779727322879493 0.1280572253073133 0.0770162612793658 0.0799225644710430 0.0722207493396331 0.1236139909031132 0.0770827955602494 0.0762758664174414 0.1208544259367749
0.0698785601852767 0.0757162069456035 0.0714388056269347 0.1174550118558340 0.0707125079317367 0.0729982529448547 0.0656112521333611 0.1124596375860680 0.0701675240065026 0.0690606631793738 0.1094877943325543 0.0633848899960166
0.0682964203611882 0.0640780944753272 0.1054425702741159 0.0635258338638280 0.0652031041026359 0.0582591153603141 0.0999722707371275 0.0623879648073294 0.0610367624641284 0.0967901006613337 0.0560819641652583 0.0600488050918143
0.0559838988362931 0.0921653766865474 0.0555397930300062 0.0566326991988403 0.0502586697399350 0.0381522857971770 0.0000000000000000 0.0000000000000000 0.0000000000000000 0.0000000000000000 0.0000000000000000 0.0000000000000000
0.0000000000000000 0.0000000000000000 0.0000000000000000 0.0000000000000000 0.0000000000000000 0.0000000000000000 0.0000000000000000 0.0000000000000000 0.0000000000000000 0.0000000000000000 0.0000000000000000 0.0000000000000000
0.0000000000000000 0.0000000000000000 0.0000000000000000 0.0000000000000000 0.0000000000000000 0.0000000000000000 0.0000000000000000 0.0000000000000000 0.0000000000000000 0.0016555137560877 -0.0010832750114077 -0.0003432084845500
-0.0001604938004317 -0.0008012052657864 0.0018287944462982 0.0007034150845218 -0.0024683589623520 -0.0008006606492957 0.0041765358375884 -0.0003388059582631 -0.0066376133707002 -0.0032500597953280 0.0045410769069015 -0.0034498153402898
0.0034204379860060 0.0114871797947370 0.0027794022229968 -0.0084762361249570 0.0000421760026731 0.0113659560463873 -0.0011187401498663 -0.0151398143154437 -0.0057779604927180 0.0090473651835755 -0.0070280898474550 0.0072073413258785
0.0207362643937407 0.0044876823752805 -0.0146932594670252 0.0004854843259574 0.0181185785773601 -0.0022194351703541 -0.0237419809300013 -0.0086294806412420 0.0131257131983969 -0.0108451499006978 0.0105207535678113 0.0294676949577780
0.0058144382578243 -0.0210357411832516 0.0005333723816440 0.0243586914070914 -0.0036186115377560 -0.0323304604144750 -0.0117584973890468 0.0167352480131187 -0.0148440680599108 0.0133323362115410 0.0375827087160255 0.0067544428554933
-0.0274148949689592 0.0001994243819218 0.0300204190245464 -0.0052864632552040 -0.0407885921168939 -0.0151109733823426 0.0198445807249500 -0.0189619962597965 0.0156243797072325 0.0449932915101144 0.0073109987411421 -0.0337380900133650
-0.0004936345754368 0.0350484364019144 -0.0071861818224266 -0.0489983188814837 -0.0186258205561005 0.0224320570271032 -0.0231311227061774 0.0173898339263266 0.0516231629190709 0.0074957256392855 -0.0399101927099985 -0.0015144405718944
0.0393985093735221 -0.0092746116988211 -0.0568418504092971 -0.0222359025875854 0.0244858428641977 -0.0272797319807962 0.0186321546050046 0.0574085769818452 0.0073282009078870 -0.0458349766807684 -0.0028236508100001 0.0430378561440543
-0.0115030265472902 -0.0642033550361140 -0.0258691604197241 0.0260038461598111 -0.0313333522645273 0.0193649704658667 0.0622989298927448 0.0068354599973822 -0.0514165804121500 -0.0043747499171150 0.0459453274098540 -0.0138180135616848
-0.0709706556099448 -0.1108081298764096 0.0000000000000000 0.0000000000000000 0.0000000000000000 0.0000000000000000 0.0000000000000000 0.0000000000000000 0.0000000000000000 0.0000000000000000 0.0000000000000000 0.0000000000000000
0.0000000000000000 0.0000000000000000 0.0000000000000000 0.0000000000000000 0.0000000000000000 0.0000000000000000 0.0000000000000000 0.0000000000000000 0.0000000000000000 0.0000000000000000 0.0000000000000000 0.0000000000000000
0.0000000000000000 0.0000000000000000 0.0000000000000000 0.0000000000000000 0.0000000000000000 0.0257528675742880 -0.1945362428670687 0.0712233651984161 0.0838171579579787 -0.2019789743487856 -0.0014968669144581 0.0894127111219534
0.0599748477580943 -0.1919510270128366 0.0416874247204254 0.0931246138066938 0.0231034663722132 -0.1942599508878789 0.0723825504699512 0.0822614214241167 -0.1997286179593633 0.0014312879433648 0.0892362611635936 0.0574859909659316
-0.1895935256122093 0.0433910276881945 0.0916276238990278 0.0201825788370401 -0.1916829371838874 0.0725938946470211 0.0796954641372441 -0.1951462128162684 0.0042240860284021 0.0879203586248707 0.0543244140163146 -0.1850079890820657
0.0444499793756388 0.0889912433081521 0.0170895609036361 -0.1868200736307052 0.0718228503431365 0.0761789200251141 -0.1883056813007742 0.0067816882813011 0.0854700074869079 0.0505764728206584 -0.1782495669091167 0.0448032746055692
0.0852577411740528 0.0139269326802490 -0.1797113235454353 0.0700503713490396 0.0717851553247598 -0.1793049021494944 0.0090111629499955 0.0819072452172046 0.0463369427610495 -0.1693967492555721 0.0444025946088937 0.0804853447796503
0.0107982735343575 -0.1704215525283584 0.0672734302521190 0.0665999247766378 -0.1682644028840676 0.0108283257692307 0.0772708901384320 0.0417071798670305 -0.1585505341253250 0.0432133646859790 0.0747472801981612 0.0078060801634205
-0.1590400906566866 0.0635052662694418 0.0607198288700145 -0.1553258459359378 0.0121593929607826 0.0716160163165874 0.0367931704273950 -0.1458333818156433 0.0412155632395051 0.0681305737682802 0.0050496260008918 -0.1456800458767233
0.0587753585796620 0.0542505985031259 -0.1406503265273140 0.0129424196394340 0.0650131642561767 0.0317035032032831 -0.1313879658970717 0.0384042684043425 0.0607346343091450 0.0026228606683074 -0.1304773705794189 0.0531291250683763
0.0473052363335948 -0.1244165015095280 0.0131285002016087 0.0575473000660647 0.0265472998742580 -0.1153757314385803 0.0347899330672592 0.0526696396105986 0.0006123878916257 -0.0994182888251297 0.0000000000000000 0.0000000000000000
0.0000000000000000 0.0000000000000000 0.0000000000000000 0.0000000000000000 0.0000000000000000 0.0000000000000000 0.0000000000000000 0.0000000000000000 0.0000000000000000 0.0000000000000000 0.0000000000000000 0.0000000000000000
0.0000000000000000 0.0000000000000000 0.0000000000000000 0.0000000000000000 0.0000000000000000 0.0000000000000000 0.0000000000000000 0.0000000000000000 0.0000000000000000 0.0000000000000000 0.0000000000000000 0.0000000000000000
0.0000000000000000 0.0028565068400464 -0.0026994511688096 -0.0011061815081799 0.0000166555454787 -0.0012359423568968 0.0013432411603729 0.0011091316773419 -0.0037694971702868 -0.0024056365921462 0.0056884806607444 -0.0007986648415342
-0.0082445516978809 0.0146707693665587 0.0077440214385615 -0.0066200236829810 -0.0296453496993130 0.0117289555202099 0.0050996303981880 -0.0140995997063698 -0.0063971626388191 0.0168012543996481 -0.0026324616508664 -0.0191256019053711
0.0347455458664561 0.0160356749072195 -0.0137418778432401 -0.0547871613922419 0.0223046357773615 0.0083701605360592 -0.0245321945759793 -0.0074817989678745 0.0275645541186268 -0.0051161729859432 -0.0296137605179040 0.0572453965706794
0.0236528957050718 -0.0212341781804019 -0.0764239888806073 0.0328893116952405 0.0108858576514448 -0.0349032491611252 -0.0057137419013114 0.0378167588595382 -0.0081970503671940 -0.0395431862196479 0.0818281636896421 0.0304955079511649
-0.0289708270538921 -0.0943936299985064 0.0433010454012394 0.0126302692172825 -0.0450469257918297 -0.0012137936594557 0.0474069876539466 -0.0118063579885304 -0.0487583113313258 0.1080938310337936 0.0364806654540773 -0.0368166876444223
-0.1086097359275954 0.0533604752852796 0.0136054539688309 -0.0547986640679574 0.0058332472324936 0.0561977390070149 -0.0158607589538097 -0.0571169131595977 0.1355904098740617 0.0415441168945798 -0.0446301232041142 -0.1190612156374327
0.0628942647352974 0.0138317011999039 -0.0639982778671780 0.0151823129121561 0.0640672452681784 -0.0202640119830154 -0.0644929630072845 0.1638208122786541 0.0456410930369401 -0.0522656979705722 -0.1258104049420842 0.0717383912615618
0.0133468774167329 -0.0724930074654322 0.0265328492167266 0.0709115006518239 -0.0249089457259082 -0.0707791941155530 0.1922506153546922 0.0487468025953068 -0.0595769883610107 -0.1289900455488080 0.0797412155988885 0.0122054149749797
-0.0801404673540800 0.0395345772969805 0.0766459283258742 -0.0296796723109832 -0.0758893342390555 0.1584099548243977 0.0000000000000000 0.0000000000000000 0.0000000000000000 0.0000000000000000 0.0000000000000000 0.0000000000000000
0.0000000000000000 0.0000000000000000 0.0000000000000000 0.0000000000000000 0.0000000000000000 0.0000000000000000 0.0000000000000000 0.0000000000000000 0.0000000000000000 0.0000000000000000 0.0000000000000000 0.0000000000000000
0.0000000000000000 0.0000000000000000 0.0000000000000000 0.0000000000000000 0.0000000000000000 0.0000000000000000 0.0000000000000000 0.0000000000000000 0.0000000000000000 -0.0634631649385002 -0.0641839778895393 0.0358815123020604
0.0700195489685223 0.0912673725342338 -0.0981428537146321 0.0878058444847155 0.0059216258973403 -0.1210176832897241 -0.0331557561569609 0.0992471189920689 -0.0673783302343471 -0.0519139664517987 0.0397366947588660 0.0665466959099972
0.0700667489539074 -0.0944902697308857 0.0889921755227763 0.0014042458373894 -0.1234440068005196 -0.0282506601132744 0.0971995829959948 -0.0703188590673348 -0.0382530346437083 0.0429465417404430 0.0622260768138665 0.0495415882221893
-0.0896146353571819 0.0889048961811812 -0.0030159893876453 -0.1232834654652691 -0.0231509290976360 0.0938574941700149 -0.0721499619668419 -0.0237254053974492 0.0453786736381341 0.0571960769488549 0.0303495637894933 -0.0836680908789035
0.0875099527214837 -0.0071709847469650 -0.1205427524546328 -0.0180338062837560 0.0892957165155634 -0.0727591161630093 -0.0089192403221493 0.0469182723813825 0.0516085866958670 0.0130607997142811 -0.0768220365567864 0.0847995719150519
-0.0108981025340228 -0.1153202834605457 -0.0130729949538229 0.0836124624125684 -0.0720592814554668 0.0055266375133041 0.0474708147407398 0.0456254819934660 -0.0018514556288639 -0.0692627143867345 0.0807925577245570 -0.0140441992023044
-0.1078025381125951 -0.0084345254185395 0.0769271513287892 -0.0699915899166042 0.0189377580047294 0.0469643400568222 0.0394148769816178 -0.0140175562721399 -0.0611865532570967 0.0755340144983722 -0.0164694866456613 -0.0982581052877400
-0.0042728522449341 0.0693778147400586 -0.0665274368432881 0.0306204670966165 0.0453512050404476 0.0331472304390478 -0.0231755187303910 -0.0527953864223370 0.0690945032896137 -0.0180511285946972 -0.0870295744601904 -0.0007272657802523
0.0611181028649469 -0.0616699120614817 0.0398795140582761 0.0426092896931719 0.0269913912914221 -0.0291724034062065 -0.0442916505658432 0.0615686500359599 -0.0186864874476697 -0.0745234610227263 0.0020813059841459 0.0523139574509624
-0.0554545239507528 0.1116365482016845 0.0000000000000000 0.0000000000000000 0.0000000000000000 0.0000000000000000 0.0000000000000000 0.0000000000000000 0.0000000000000000 0.0000000000000000 0.0000000000000000 0.0000000000000000
0.0000000000000000 0.0000000000000000 0.0000000000000000 0.0000000000000000 0.0000000000000000 0.0000000000000000 0.0000000000000000 0.0000000000000000 0.0000000000000000 0.0000000000000000 0.0000000000000000 0.0000000000000000
0.0000000000000000 0.0000000000000000 0.0000000000000000 0.0000000000000000 0.0000000000000000 0.0014407865025130 0.0030705510880188 -0.0018460533297247 0.0004199797042333 -0.0001483160780484 -0.0000914003952454 0.0013471460449743
-0.0035832902220762 0.0025131830774387 0.0040640062215829 -0.0013943411179482 -0.0029599038225772 -0.0082830091340074 0.0093211268009141 -0.0092887503173130 0.0260962508471695 -0.0003185085285652 0.0071951866425284 -0.0142065861968667
0.0044795453580241 0.0133526409614896 -0.0046300577652234 -0.0060745598118640 -0.0226455070303026 0.0201369077912494 -0.0194403435318796 0.0469090258305806 0.0008781545203088 0.0119907348761219 -0.0242412921862334 0.0050288597411181
0.0231639565306130 -0.0088636287875868 -0.0078265420754454 -0.0402205289555244 0.0303913220430436 -0.0298294920828016 0.0627100033058454 0.0034248386027790 0.0156583715500006 -0.0334843940510004 0.0042417211864155 0.0332757001012076
-0.0139930454855548 -0.0081784335616856 -0.0611604034465524 0.0398898351781620 -0.0402416201064250 0.0739727454391987 0.0072090807406247 0.0181540173115650 -0.0417525576487946 0.0021871630762274 0.0434570961717720 -0.0198897647611892
-0.0071336917132593 -0.0855507820179873 0.0484579472822037 -0.0504581129390252 0.0812044761159764 0.0120835161120128 0.0194658055766612 -0.0488869214094684 -0.0010766908120823 0.0534747758946357 -0.0264018883928229 -0.0047372478452790
-0.1133951245516671 0.0559452581126740 -0.0602616925608880 0.0849277767805321 0.0178705212620136 0.0196141460031331 -0.0547573255020665 -0.0055000933038396 0.0630986986492654 -0.0333579416396322 -0.0010750131008649 -0.1445996131535987
0.0622289014788574 -0.0694418075715365 0.0856642620583407 0.0243675511782010 0.0186509797836919 -0.0592658630392514 -0.0110374186016774 0.0721079190136192 -0.0405711597911224 0.0037277230511806 -0.1789590436194057 0.0672162702091159
-0.0777999044525245 0.0839205314980406 0.0313530183481614 0.0166582476433897 -0.0623496536326861 -0.0176414105449190 0.0802960584950158 -0.0478441786576040 0.0095089883335928 -0.1675939726649997 0.0000000000000000 0.0000000000000000
0.0000000000000000 0.0000000000000000 0.0000000000000000 0.0000000000000000 0.0000000000000000 0.0000000000000000 0.0000000000000000 0.0000000000000000 0.0000000000000000 0.0000000000000000 0.0000000000000000 0.0000000000000000
0.0000000000000000 0.0000000000000000 0.0000000000000000 0.0000000000000000 0.0000000000000000 0.0000000000000000 0.0000000000000000 0.0000000000000000 0.0000000000000000 0.0000000000000000 0.0000000000000000 0.0000000000000000
0.0000000000000000 0.1063349161522241 -0.1229585907739096 0.0174710471557528 -0.0405826816643986 0.2408778581527129 0.0892773699317729 -0.0765648971786023 0.0597977046687921 -0.2573618882568255 0.0986904922230420 -0.0998391106491538
0.1056376702606037 -0.0939358609489702 0.0109944342729747 -0.0345945132874683 0.1836347216357727 0.0930407462286083 -0.0798406505132952 0.0644694182629716 -0.2615867177981155 0.0942141981391652 -0.0969023416184700 0.1031973891298835
-0.0614370172461073 0.0045100530652745 -0.0281886445708606 0.1296074781510281 0.0950746476937210 -0.0817600893937956 0.0679767404508379 -0.2603570069345472 0.0883834050120975 -0.0925371468382080 0.0990793988793763 -0.0266063190125208
-0.0017302507713518 -0.0216079567852184 0.0802528534700644 0.0952874476948008 -0.0822210439842537 0.0701519203365766 -0.2537416598650186 0.0813985299293458 -0.0868735315561645 0.0934000967144701 0.0092169106030850 -0.0074841300301897
-0.0150998537329608 0.0367415462804324 0.0936438449827556 -0.0811606725312257 0.0708637982309475 -0.2419868271506407 0.0734887880754154 -0.0800749988556920 0.0863244983328524 0.0445139608603909 -0.0125256614216814 -0.0089091312681333
-0.0000409282441187 0.0901646757621986 -0.0785572221794373 0.0700222237104711 -0.2255078958383590 0.0649051024381637 -0.0723340128708469 0.0780622616211419 0.0776075063088345 -0.0166517494066603 -0.0032708743881314 -0.0294879046171969
0.0849250816251610 -0.0744306521141569 0.0675813485608597 -0.2048786555958440 0.0559125127125369 -0.0638666576471826 0.0688622611771249 0.1066876022261590 -0.0196878366359383 0.0015964188190448 -0.0512603657890762 0.0780511333789505
-0.0688421051384192 0.0635416819825835 -0.1808177571240903 0.0467823038384147 -0.0549066370076628 0.0590058330964811 0.1298429350578488 -0.0214927698922704 0.0054972932864675 -0.0652715193935734 0.0697150496944765 -0.0618922461115122
0.0579508270142069 -0.1541725803017714 0.0377840792388538 -0.0456987778227648 0.0487988496367756 0.1216234808901017 0.0000000000000000 0.0000000000000000 0.0000000000000000 0.0000000000000000 0.0000000000000000 0.0000000000000000
0.0000000000000000 0.0000000000000000 0.0000000000000000 0.0000000000000000 0.0000000000000000 0.0000000000000000 0.0000000000000000 0.0000000000000000 0.0000000000000000 0.0000000000000000 0.0000000000000000 0.0000000000000000
0.0000000000000000 0.0000000000000000 0.0000000000000000 0.0000000000000000 0.0000000000000000 0.0000000000000000 0.0000000000000000 0.0000000000000000 0.0000000000000000 -0.0015730361396607 0.0034170679341516 -0.0013738333814076
0.0001528005884189 0.0012130680411557 -0.0014916599181683 0.0020912048043729 -0.0024643517169718 0.0037803968805397 -0.0001890110193955 -0.0017738450505661 0.0048808461468948 -0.0153625483319547 0.0092002713677019 -0.0110064818517267
-0.0042140443219772 -0.0134523984786707 0.0101273396790507 -0.0083680242291924 0.0116828363893073 0.0007639174927383 -0.0058395418528725 0.0127933051663101 -0.0317681863822580 0.0202136806994317 -0.0222604342870307 0.0029153072975048
-0.0243925991135186 0.0169155174839088 -0.0127398648297216 0.0142648618400851 0.0034456340734103 -0.0112525303342351 0.0219358417253208 -0.0436963071370586 0.0313607282596553 -0.0333091180218435 0.0193326385869259 -0.0339995158429576
0.0222959363010910 -0.0154624003930124 0.0113578093522443 0.0077332648692324 -0.0178511798795902 0.0320314170310658 -0.0489720889806947 0.0423326585934316 -0.0438569201493336 0.0419161886834203 -0.0420144046080342 0.0261548594076114
-0.0164728790793977 0.0031056258878710 0.0134507203073766 -0.0254340049020779 0.0427630318387147 -0.0454343684731890 0.0528273354905733 -0.0536218595264652 0.0677781366575476 -0.0482398801943923 0.0284279267981004 -0.0157659342051083
-0.0100480875131873 0.0203752334508809 -0.0337658875850536 0.0537839001046296 -0.0310284227822170 0.0625586458965986 -0.0623445409712717 0.0943364784143031 -0.0525450111773644 0.0291019282657347 -0.0133944229644210 -0.0273845792599598
0.0282452786959327 -0.0425853603589591 0.0647289361404116 -0.0039045703530285 0.0712653128742708 -0.0697964745171466 0.1193709281104753 -0.0548680521042134 0.0282149889479588 -0.0094683825582603 -0.0479452249580318 0.0367695914094973
-0.0516127247753117 0.0752271972936543 0.0374797332675624 0.0787188525850256 -0.0757874981085573 0.1410625976817195 -0.0552168102349497 0.0258551650929238 -0.0041521074095098 -0.0705764829708008 0.0456369884037096 -0.0605587610453540
0.0849149087901800 0.1866731145579725 0.0000000000000000 0.0000000000000000 0.0000000000000000 0.0000000000000000 0.0000000000000000 0.0000000000000000 0.0000000000000000 0.0000000000000000 0.0000000000000000 0.0000000000000000
0.0000000000000000 0.0000000000000000 0.0000000000000000 0.0000000000000000 0.0000000000000000 0.0000000000000000 0.0000000000000000 0.0000000000000000 0.0000000000000000 0.0000000000000000 0.0000000000000000 0.0000000000000000
0.0000000000000000 0.0000000000000000 0.0000000000000000 0.0000000000000000 0.0000000000000000 0.0537866194608729 0.0527310214689216 0.0662640062008743 -0.0027590518000122 -0.3486841246729140 -0.0371995626272451 -0.0589700339786372
0.1018539097500799 0.0707747658947376 0.0951988500325151 -0.0969606310648694 0.0451514733072398 0.0395830757895282 0.0593793343580157 0.0054213890075461 -0.2551665079224739 -0.0269185828313307 -0.0647674373487654 0.1029056853411330
0.0672374562551523 0.0972104133584621 -0.0928686611505453 0.0356751177193778 0.0211137102560099 0.0515662986668974 0.0133394738573460 -0.1754489871814851 -0.0165048931650725 -0.0692066823219882 0.1019826164741764 0.0633422210141052
0.0972319441441329 -0.0872232315354979 0.0257595103500786 -0.0027687698056634 0.0431462049390479 0.0206592952704604 -0.1099037000699853 -0.0064080372905264 -0.0720874494762059 0.0990902796813381 0.0593490269918979 0.0952542073821816
-0.0802320488228982 0.0158305471488156 -0.0317317764894314 0.0344591494622865 0.0270644045740322 -0.0581759810364614 0.0029443578286582 -0.0732632183943307 0.0943057155549879 0.0553945757217808 0.0913410194299300 -0.0721484085757571
0.0063220733419472 -0.0649168501042974 0.0258517896006013 0.0322691596983467 -0.0193447918990877 0.0111626040623418 -0.0726462337877315 0.0877756887354800 0.0514927637510786 0.0856257906112466 -0.0632625193990098 -0.0023407418295006
-0.1008446754922310 0.0176650925665216 0.0360290424387954 0.0079214836275579 0.0179090221354771 -0.0702104242081776 0.0797124583461784 0.0475495480066532 0.0783055250652186 -0.0538916209498573 -0.0097582908957875 -0.1373326851919210
0.0102223092303744 0.0381496496146202 0.0252185626528560 0.0229096392397850 -0.0659922564562930 0.0703869955683225 0.0433908008137526 0.0696328519060151 -0.0443690180231721 -0.0155729255826113 -0.1714301770250032 0.0038177633624152
0.0384940920878142 0.0342736609592448 0.0259629975634166 -0.0600894331546369 0.0601201670269541 0.0388015966583300 0.0599058812860874 -0.0350326459206234 -0.0194842725144939 -0.1413021780227954 0.0000000000000000 0.0000000000000000
0.0000000000000000 0.0000000000000000 0.0000000000000000 0.0000000000000000 0.0000000000000000 0.0000000000000000 0.0000000000000000 0.0000000000000000 0.0000000000000000 0.0000000000000000 0.0000000000000000 0.0000000000000000
0.0000000000000000 0.0000000000000000 0.0000000000000000 0.0000000000000000 0.0000000000000000 0.0000000000000000 0.0000000000000000 0.0000000000000000 0.0000000000000000 0.0000000000000000 0.0000000000000000 0.0000000000000000
0.0000000000000000 -0.0029739501782055 -0.0056789380162137 -0.0008281841448458 0.0001875696966448 -0.0002779722611441 -0.0008754524931140 0.0023212203252841 0.0001670275784410 -0.0073200208717170 -0.0042339449126694 -0.0021168961140635
0.0079736666016271 0.0235477880442334 0.0059721640091289 -0.0102987187264330 0.0122590194704425 -0.0093090300774920 0.0115213875633371 0.0019737857884684 -0.0187115233200865 -0.0116647822295433 -0.0069535174754550 0.0186379362348778
0.0498454160696046 0.0141920275690655 -0.0201918225968266 0.0000790968110304 -0.0192234081822040 0.0194934742782756 0.0057156194634644 -0.0225141934098380 -0.0172779432760151 -0.0133394273772965 0.0285592795068562 0.0695051584828915
0.0235185335762641 -0.0291406341022109 -0.0289449404574369 -0.0301599315820038 0.0259748960829948 0.0112539466266506 -0.0186194524241850 -0.0208908366043646 -0.0210371548913093 0.0373010103518779 0.0783324814670582 0.0335982545827875
-0.0368289812684213 -0.0679589993128476 -0.0416263477106193 0.0307612940218724 0.0183758433030940 -0.0072776877416036 -0.0224053841423283 -0.0297580783642944 0.0444672472567835 0.0717310630982341 0.0440502823387931 -0.0429875596172406
-0.1111796062470742 -0.0531185903949239 0.0337137995190521 0.0267991206744554 0.0109237895763575 -0.0218095953540345 -0.0391727462670155 0.0497222283248532 0.0448291969960565 0.0544818753149261 -0.0474067262070627 -0.1539013320026744
-0.0641419790830060 0.0347649716386622 0.0361852689805961 0.0350875261256866 -0.0191784837009530 -0.0489257026342027 0.0528053114893153 -0.0073574691431752 0.0645029448451132 -0.0499423375483190 -0.1924684273337950 -0.0742318645164101
0.0339197922562769 0.0461519971313349 0.0640332682547620 -0.0146664563317465 -0.0586444602097306 0.0535485184605888 -0.0897263376587305 0.0737415228573445 -0.0505227683267217 -0.2242079834107605 -0.0829764198838329 0.0312547458394982
0.0562874035672241 0.0963356369932134 -0.0085041054239845 -0.0679599839613209 0.0518817923846392 -0.2189243383834543 0.0000000000000000 0.0000000000000000 0.0000000000000000 0.0000000000000000 0.0000000000000000 0.0000000000000000
0.0000000000000000 0.0000000000000000 0.0000000000000000 0.0000000000000000 0.0000000000000000 0.0000000000000000 0.0000000000000000 0.0000000000000000 0.0000000000000000 0.0000000000000000 0.0000000000000000 0.0000000000000000
0.0000000000000000 0.0000000000000000 0.0000000000000000 0.0000000000000000 0.0000000000000000 0.0000000000000000 0.0000000000000000 0.0000000000000000 0.0000000000000000 0.0374596418064217 0.0934091285730339 -0.0916376312689764
-0.0310638253639039 -0.1931711527544646 0.1066546437556078 0.0391507220406028 -0.0964178437663516 -0.1527165260103760 -0.0332079795362921 0.0918167462971569 0.0473436538506713 0.1228197497147993 -0.0873164274547974 -0.0399839735289120
-0.0567906141513313 0.1034011189369895 0.0472828091017601 -0.0915444491167703 -0.1728398143723154 -0.0423499667843407 0.0865732041037299 0.0559895604007407 0.1431829574417370 -0.0811976947550112 -0.0478773770420346 0.0407117406871913
0.0977336794158019 0.0541734876198738 -0.0847853264997715 -0.1847244970024678 -0.0501108135986614 0.0796839297345158 0.0629800619574252 0.1514342793028401 -0.0735580183817037 -0.0543829176920191 0.1033461094280830 0.0899582820345991
0.0595072275552197 -0.0764307182348078 -0.1878718316733560 -0.0561466607766840 0.0714411798528021 0.0679507533998283 0.1450996429487415 -0.0647410367177290 -0.0591848991857388 0.1362719571597700 0.0804727239568737 0.0630385217438167
-0.0668537531739246 -0.1824294439852111 -0.0601853931805845 0.0622019342425152 0.0706530041496710 0.1227389784456413 -0.0551382743954936 -0.0620625406233220 0.1453900138671627 0.0697550425155161 0.0645948164937700 -0.0564746850406358
-0.1691346752528340 -0.0620636411988091 0.0523484506127946 0.0709463557308703 0.0842052004033295 -0.0451704602803901 -0.0628484514773624 0.1367406160460530 0.0583098448546112 0.0640754885371534 -0.0457526626765782 -0.1493081358134737
-0.0616902241626216 0.0423087937238376 0.0687792104798327 0.0311129891282593 -0.0352754345492591 -0.0614799737785695 0.1162870949674862 0.0466831390267254 0.0614842257756727 -0.0351636253270055 -0.1247349206603457 -0.0590954950873263
0.0325013091684079 0.0642411221704847 -0.0328054927058047 -0.0258682078187260 -0.0579629453501077 0.0894409207243507 0.0354408808418931 0.0569020688391028 -0.0251911827093835 -0.0975134134430520 -0.0544046226066202 0.0233689736844166
0.0575555775844651 -0.1478332005396308 0.0000000000000000 0.0000000000000000 0.0000000000000000 0.0000000000000000 0.0000000000000000 0.0000000000000000 0.0000000000000000 0.0000000000000000 0.0000000000000000 0.0000000000000000
0.0000000000000000 0.0000000000000000 0.0000000000000000 0.0000000000000000 0.0000000000000000 0.0000000000000000 0.0000000000000000 0.0000000000000000 0.0000000000000000 0.0000000000000000 0.0000000000000000 0.0000000000000000
0.0000000000000000 0.0000000000000000 0.0000000000000000 0.0000000000000000 0.0000000000000000 0.0019699534848730 -0.0047138434811890 -0.0042949976913191 -0.0023097034391949 0.0049107955495990 0.0030126238097855 0.0032123141119938
0.0002102755448184 0.0038668305622369 -0.0035806632328648 0.0011433090990619 0.0087137422276522 -0.0071976387009144 -0.0020681855878730 -0.0117127742461339 -0.0240203949917797 0.0066872276652058 0.0140635270890725 0.0091423275733175
0.0007905123845969 -0.0154783693005873 -0.0050948490151831 0.0128395914843678 -0.0119273793575358 0.0025973664660460 -0.0195816127751860 -0.0274811858077794 0.0073330016210723 0.0237258571496205 0.0195190511673112 -0.0000423366214534
-0.0267410027095121 -0.0131384009166636 0.0144090648672575 -0.0167129783468110 0.0094218667091431 -0.0255911242859353 -0.0177751088282914 0.0049428310581665 0.0317480478340077 0.0311767110698418 0.0018781498724429 -0.0368326908047224
-0.0227613938546003 0.0128322942802229 -0.0184114909543841 0.0180667805256640 -0.0290671590230721 -0.0044859211822818 -0.0001262359147164 0.0378627513964134 0.0427525321171261 0.0065084435550947 -0.0452621193000315 -0.0330935907459887
0.0081204773502996 -0.0104702974248195 0.0282873812341896 -0.0306378542523155 0.0076709240600599 -0.0078886084700730 0.0417274579176459 0.0543377894787235 0.0143854693068895 -0.0515095188285730 -0.0443874304901968 0.0011651134087390
0.0136653347590618 0.0393360399374855 -0.0295718148830364 0.0141720212112711 -0.0176901181912716 0.0431312598738158 0.0653861815263144 0.0231727767798838 -0.0554870295427382 -0.0555973339785088 -0.0079777382932492 0.0634458187639652
0.0508582813821883 -0.0259449270084780 0.0160872415134919 -0.0291291424898193 0.0421273603154331 0.0756606670404641 0.0329725215012651 -0.0567462378264114 -0.0665865715623987 -0.0198570015202073 0.1496378591416078 0.0621050777331530
-0.0200240832000566 0.0105331085719295 -0.0415921289331325 0.0394584965053190 0.0841776494043178 0.0416381656020886 -0.0555303953645933 -0.0753447336991906 -0.0333627830574392 0.1950591756261906 0.0000000000000000 0.0000000000000000
0.0000000000000000 0.0000000000000000 0.0000000000000000 0.0000000000000000 0.0000000000000000 0.0000000000000000 0.0000000000000000 0.0000000000000000 0.0000000000000000 0.0000000000000000 0.0000000000000000 0.0000000000000000
0.0000000000000000 0.0000000000000000 0.0000000000000000 0.0000000000000000 0.0000000000000000 0.0000000000000000 0.0000000000000000 0.0000000000000000 0.0000000000000000 0.0000000000000000 0.0000000000000000 0.0000000000000000
