-0.0000000001273623 0.0000000001296859 0.0000000001299399 0.0000000001302217 0.0000000001305307 0.0000000001307496 0.0000000001309660 0.0000000001312648 0.0000000001299878 0.0000000001317622
0.0000000001319326 0.0000000001322369 0.0000000001325891 0.0000000001326845 0.0000000001328026 0.0000000001331007 0.0000000001294168 0.0000000001334813 0.0000000001335424 0.0000000001338228
0.0000000001341645 0.0000000001341219 0.0000000001341236 0.0000000001343757 0.0000000001307953 0.0000000001345817 0.0000000001345240 0.0000000001347380 0.0000000001350171 0.0000000001348430
0.0000000001347281 0.0000000001348958 0.0000000001294168 0.0000000001348958 0.0000000001347281 0.0000000001348430 0.0000000001350171 0.0000000001347380 0.0000000001345240 0.0000000001345817
0.0000000001307953 0.0000000001343757 0.0000000001341236 0.0000000001341219 0.0000000001341645 0.0000000001338228 0.0000000001335424 0.0000000001334813 0.0000000001294168 0.0000000001331007
0.0000000001328026 0.0000000001326845 0.0000000001325891 0.0000000001322369 0.0000000001319326 0.0000000001317622 0.0000000001299878 0.0000000001312648 0.0000000001309660 0.0000000001307496
0.0000000001305307 0.0000000001302217 0.0000000001299399 0.0000000001296859 0.0000000001294168 0.0000000001291476 0.0000000001288936 0.0000000001286118 0.0000000001283028 0.0000000001280839
0.0000000001278675 0.0000000001275687 0.0000000001288457 0.0000000001270714 0.0000000001269009 0.0000000001265966 0.0000000001262444 0.0000000001261490 0.0000000001260310 0.0000000001257328
0.0000000001294168 0.0000000001253522 0.0000000001252911 0.0000000001250107 0.0000000001246690 0.0000000001247116 0.0000000001247099 0.0000000001244578 0.0000000001280382 0.0000000001242518
0.0000000001243095 0.0000000001240955 0.0000000001238164 0.0000000001239905 0.0000000001241054 0.0000000001239378 0.0000000001294168 0.0000000001239378 0.0000000001241054 0.0000000001239905
0.0000000001238164 0.0000000001240955 0.0000000001243095 0.0000000001242518 0.0000000001280382 0.0000000001244578 0.0000000001247099 0.0000000001247116 0.0000000001246690 0.0000000001250107
0.0000000001252911 0.0000000001253522 0.0000000001294168 0.0000000001257328 0.0000000001260310 0.0000000001261490 0.0000000001262444 0.0000000001265966 0.0000000001269009 0.0000000001270714
0.0000000001288457 0.0000000001275687 0.0000000001278675 0.0000000001280839 0.0000000001283028 0.0000000001286118 0.0000000001288936 0.0000000001291476 