-1056768.0000000000000000 -0.0000000000054790 -0.0000000000053114 -0.0000000000054262 -0.0000000000056004 -0.0000000000053212 -0.0000000000051073 -0.0000000000051649 -0.0000000000013786 -0.0000000000049589
-0.0000000000047069 -0.0000000000047052 -0.0000000000047478 -0.0000000000044061 -0.0000000000041256 -0.0000000000040646 -0.0000000000000000 -0.0000000000036839 -0.0000000000033858 -0.0000000000032678
-0.0000000000031724 -0.0000000000028202 -0.0000000000025159 -0.0000000000023454 -0.0000000000005710 -0.0000000000018480 -0.0000000000015493 -0.0000000000013329 -0.0000000000011140 -0.0000000000008049
-0.0000000000005231 -0.0000000000002692 -0.0000000000000000 0.0000000000002692 0.0000000000005231 0.0000000000008049 0.0000000000011140 0.0000000000013329 0.0000000000015493 0.0000000000018480
0.0000000000005710 0.0000000000023454 0.0000000000025159 0.0000000000028202 0.0000000000031724 0.0000000000032678 0.0000000000033858 0.0000000000036839 -0.0000000000000000 0.0000000000040646
0.0000000000041256 0.0000000000044061 0.0000000000047478 0.0000000000047052 0.0000000000047069 0.0000000000049589 0.0000000000013786 0.0000000000051649 0.0000000000051073 0.0000000000053212
0.0000000000056004 0.0000000000054262 0.0000000000053114 0.0000000000054790 -0.0000000000000000 0.0000000000054790 0.0000000000053114 0.0000000000054262 0.0000000000056004 0.0000000000053212
0.0000000000051073 0.0000000000051649 0.0000000000013786 0.0000000000049589 0.0000000000047069 0.0000000000047052 0.0000000000047478 0.0000000000044061 0.0000000000041256 0.0000000000040646
-0.0000000000000000 0.0000000000036839 0.0000000000033858 0.0000000000032678 0.0000000000031724 0.0000000000028202 0.0000000000025159 0.0000000000023454 0.0000000000005710 0.0000000000018480
0.0000000000015493 0.0000000000013329 0.0000000000011140 0.0000000000008049 0.0000000000005231 0.0000000000002692 -0.0000000000000000 -0.0000000000002692 -0.0000000000005231 -0.0000000000008049
-0.0000000000011140 -0.0000000000013329 -0.0000000000015493 -0.0000000000018480 -0.0000000000005710 -0.0000000000023454 -0.0000000000025159 -0.0000000000028202 -0.0000000000031724 -0.0000000000032678
-0.0000000000033858 -0.0000000000036839 -0.0000000000000000 -0.0000000000040646 -0.0000000000041256 -0.0000000000044061 -0.0000000000047478 -0.0000000000047052 -0.0000000000047069 -0.0000000000049589
-0.0000000000013786 -0.0000000000051649 -0.0000000000051073 -0.0000000000053212 -0.0000000000056004 -0.0000000000054262 -0.0000000000053114 -0.0000000000054790 